gender,name,count.x,count.y,Total
f,emma,20415,19414,39829
f,olivia,19638,19246,38884
m,noah,19594,19015,38609
m,liam,18330,18138,36468
f,sophia,17381,16070,33451
f,ava,16340,16237,32577
m,mason,16591,15192,31783
m,william,15863,15668,31531
m,jacob,15914,14416,30330
f,isabella,15574,14722,30296
m,james,14773,14776,29549
f,mia,14871,14366,29237
m,ethan,15049,13758,28807
m,michael,14396,13998,28394
m,benjamin,13670,14569,28239
m,alexander,14507,13321,27828
m,elijah,13593,13764,27357
m,daniel,13464,12839,26303
m,aiden,13429,12158,25587
m,matthew,12717,12551,25268
m,lucas,12285,12838,25123
m,oliver,11635,12975,24610
f,charlotte,11381,13030,24411
m,logan,12897,11200,24097
f,abigail,12371,11699,24070
m,jackson,12242,11210,23452
m,david,11766,11028,22794
f,emily,11766,10926,22692
m,joseph,11441,10823,22264
m,jayden,11518,10063,21581
m,samuel,10832,10492,21324
f,harper,10283,10733,21016
m,gabriel,10839,10142,20981
m,carter,10761,10134,20895
f,amelia,9838,10702,20540
m,henry,10157,10323,20480
m,anthony,10596,9815,20411
m,john,10360,9952,20312
m,luke,10255,9930,20185
m,dylan,10267,9657,19924
m,sebastian,9601,10249,19850
m,owen,9583,10249,19832
m,isaac,9935,9671,19606
f,evelyn,9352,10060,19412
m,andrew,10080,9324,19404
f,elizabeth,9703,9493,19196
m,wyatt,9635,9514,19149
f,madison,10072,8982,19054
m,joshua,9767,9138,18905
f,sofia,9681,9134,18815
m,christopher,9788,9020,18808
f,avery,9330,8733,18063
m,jack,8488,8367,16855
m,ryan,8511,8215,16726
m,caleb,8775,7914,16689
m,grayson,7887,8622,16509
m,nathan,8565,7933,16498
m,julian,8029,8333,16362
m,levi,8280,8009,16289
m,jaxon,8045,8054,16099
m,hunter,8316,7613,15929
m,christian,8168,7584,15752
f,ella,7882,7866,15748
f,chloe,7907,7410,15317
f,grace,7630,7531,15161
m,isaiah,7583,7454,15037
m,landon,7918,6987,14905
f,victoria,7600,7267,14867
f,scarlett,7121,7680,14801
m,jonathan,7610,6914,14524
m,thomas,7159,7309,14468
m,aaron,7144,7118,14262
m,charles,7165,7050,14215
m,eli,7122,7046,14168
f,aubrey,7376,6507,13883
m,connor,6748,6983,13731
m,josiah,6637,6928,13565
m,cameron,6731,6807,13538
f,zoey,6927,6414,13341
m,jeremiah,6760,6546,13306
f,aria,6392,6904,13296
f,lily,6644,6558,13202
m,lincoln,5982,7076,13058
f,addison,6706,6295,13001
f,lillian,6597,6333,12930
f,riley,5720,7110,12830
m,adrian,6513,6303,12816
f,natalie,6490,6156,12646
f,layla,6314,6234,12548
f,hannah,6398,5976,12374
f,penelope,5936,6367,12303
f,brooklyn,6291,5922,12213
m,hudson,6033,6098,12131
m,robert,6100,5953,12053
m,nicholas,6222,5716,11938
m,brayden,6241,5679,11920
m,colton,6292,5580,11872
m,jordan,6272,5589,11861
f,zoe,6032,5706,11738
m,angel,6085,5523,11608
m,mateo,5010,6526,11536
m,evan,5896,5576,11472
m,nolan,5731,5615,11346
f,camila,5271,6036,11307
m,dominic,5837,5394,11231
m,austin,5791,5334,11125
f,leah,5606,5380,10986
f,audrey,5600,5330,10930
f,nora,5314,5561,10875
m,easton,5220,5606,10826
f,alexa,6049,4760,10809
f,savannah,5437,5336,10773
m,gavin,5768,4913,10681
m,asher,5102,5466,10568
m,adam,5380,5176,10556
m,jace,5329,5169,10498
f,skylar,5271,5099,10370
m,ian,5310,5048,10358
f,samantha,5331,4924,10255
m,jose,5157,5089,10246
m,cooper,5257,4951,10208
m,chase,5357,4826,10183
f,allison,5342,4762,10104
m,parker,5400,4685,10085
f,claire,4823,5190,10013
m,jaxson,5044,4868,9912
f,paisley,5069,4839,9908
f,ellie,4855,5045,9900
f,anna,5119,4749,9868
m,leo,4582,5260,9842
m,jason,4990,4851,9841
f,stella,4786,4912,9698
m,kevin,5164,4526,9690
f,violet,4805,4837,9642
m,carson,4739,4892,9631
m,tyler,5144,4474,9618
f,mila,4724,4802,9526
f,eleanor,4424,5100,9524
f,ariana,4944,4577,9521
f,aaliyah,4850,4611,9461
m,zachary,4834,4516,9350
m,ayden,4873,4472,9345
m,xavier,4626,4560,9186
m,brandon,5100,4076,9176
m,ezra,4318,4830,9148
f,lucy,4538,4568,9106
f,sadie,4741,4264,9005
m,theodore,4136,4859,8995
f,hazel,4288,4634,8922
f,sarah,4507,4378,8885
f,kennedy,4512,4313,8825
f,gabriella,4606,4215,8821
f,caroline,4322,4410,8732
f,madelyn,4478,4208,8686
m,elias,4088,4454,8542
f,genesis,4157,4325,8482
m,sawyer,4261,4213,8474
f,arianna,4519,3869,8388
m,bentley,4304,4026,8330
m,kayden,4229,3987,8216
f,kaylee,4362,3814,8176
f,maya,4115,4055,8170
f,hailey,4236,3918,8154
m,leonardo,3814,4310,8124
f,autumn,4108,3990,8098
m,roman,3877,4187,8064
m,nathaniel,4202,3850,8052
f,piper,4122,3926,8048
m,ryder,4144,3854,7998
m,greyson,3591,4295,7886
f,serenity,3966,3789,7755
f,nevaeh,3979,3756,7735
f,aurora,3632,3963,7595
f,kylie,4149,3396,7545
f,eva,3756,3777,7533
f,naomi,3750,3772,7522
m,vincent,3709,3806,7515
m,tristan,3902,3607,7509
m,blake,4220,3269,7489
m,miles,3724,3714,7438
m,bryson,3094,4333,7427
f,bella,3778,3641,7419
f,peyton,3895,3482,7377
m,luis,3727,3543,7270
f,ruby,3454,3796,7250
m,justin,3704,3542,7246
f,mackenzie,3850,3390,7240
m,micah,3731,3447,7178
m,declan,3580,3596,7176
m,maxwell,3543,3559,7102
f,lydia,3491,3590,7081
f,alice,3412,3669,7081
m,camden,3757,3322,7079
m,cole,3488,3580,7068
f,aubree,3622,3390,7012
f,taylor,3741,3261,7002
m,harrison,3333,3646,6979
f,melanie,3490,3473,6963
m,santiago,3214,3700,6914
m,juan,3518,3331,6849
m,damian,3476,3328,6804
m,max,3409,3394,6803
m,brody,3734,3035,6769
f,cora,3397,3350,6747
f,quinn,3089,3636,6725
f,katherine,3442,3259,6701
m,weston,3318,3383,6701
f,julia,3369,3310,6679
m,axel,3236,3441,6677
m,wesley,3222,3407,6629
m,carlos,3414,3184,6598
f,madeline,3327,3257,6584
m,braxton,3290,3279,6569
m,silas,3173,3385,6558
f,brianna,3464,3076,6540
m,everett,3044,3495,6539
f,adeline,2403,4103,6506
f,ashley,3419,3024,6443
f,luna,2796,3645,6441
m,diego,3227,3186,6413
f,gianna,3170,3209,6379
f,faith,3305,3035,6340
m,george,3042,3288,6330
f,vivian,3197,3124,6321
m,abel,3228,3015,6243
m,jesus,3173,3065,6238
f,annabelle,3262,2974,6236
f,isabelle,3213,3008,6221
m,ivan,3038,3146,6184
f,eliana,2973,3185,6158
f,reagan,3047,3081,6128
f,kinsley,2771,3353,6124
m,ezekiel,2777,3341,6118
f,clara,3058,3055,6113
m,jameson,2845,3259,6104
m,ashton,3002,3078,6080
f,alexis,3406,2662,6068
m,jayce,3113,2954,6067
m,emmett,3032,3033,6065
f,elena,2886,3168,6054
m,kingston,2942,3109,6051
m,giovanni,3127,2919,6046
m,bryce,3119,2827,5946
m,eric,3035,2909,5944
m,alex,3096,2826,5922
f,alyssa,3242,2662,5904
m,kaiden,3013,2870,5883
m,brantley,3290,2592,5882
f,willow,2793,3086,5879
f,hadley,2970,2871,5841
f,alexandra,2998,2831,5829
f,sophie,2931,2851,5782
m,kai,2838,2862,5700
m,maddox,2775,2887,5662
f,valentina,2745,2908,5653
m,jonah,2901,2749,5650
f,rylee,2678,2947,5625
m,bennett,2702,2919,5621
f,maria,2819,2788,5607
m,ryker,2758,2779,5537
f,bailey,2833,2689,5522
f,khloe,2993,2520,5513
f,natalia,2692,2813,5505
f,delilah,2721,2715,5436
f,jasmine,2793,2625,5418
m,timothy,2777,2639,5416
m,luca,2606,2728,5334
f,ivy,2498,2797,5295
m,emmanuel,2732,2560,5292
f,ximena,2598,2673,5271
f,josephine,2495,2766,5261
m,antonio,2720,2540,5260
f,london,2909,2339,5248
f,jade,2559,2685,5244
f,emilia,2215,3019,5234
m,calvin,2431,2781,5212
m,maverick,2265,2940,5205
f,adalynn,2614,2585,5199
f,everly,2324,2873,5197
m,king,2552,2642,5194
f,kayla,2730,2456,5186
f,brielle,2530,2651,5181
f,liliana,2556,2624,5180
f,andrea,2702,2473,5175
m,richard,2671,2499,5170
f,kimberly,2836,2321,5157
m,jude,2660,2492,5152
m,malachi,2558,2585,5143
f,mary,2620,2487,5107
m,alan,2478,2626,5104
m,hayden,2729,2373,5102
m,edward,2592,2491,5083
m,steven,2698,2381,5079
m,miguel,2563,2492,5055
m,victor,2563,2447,5010
m,joel,2593,2410,5003
f,morgan,2680,2319,4999
f,lauren,2686,2311,4997
m,abraham,2438,2559,4997
f,sydney,2653,2309,4962
m,patrick,2525,2344,4869
f,emery,2415,2410,4825
f,isla,2270,2504,4774
m,kaleb,2519,2245,4764
m,preston,2439,2297,4736
f,trinity,2503,2215,4718
m,grant,2357,2340,4697
m,amir,2212,2429,4641
f,adalyn,2452,2176,4628
m,jesse,2337,2281,4618
m,graham,2375,2237,4612
m,marcus,2453,2156,4609
m,bryan,2485,2110,4595
m,matteo,2166,2377,4543
m,oscar,2291,2251,4542
f,jocelyn,2447,2088,4535
f,ariel,2339,2177,4516
m,tucker,2225,2290,4515
m,alejandro,2310,2196,4506
m,jeremy,2385,2119,4504
f,lyla,2266,2209,4475
m,colin,2421,2045,4466
f,jordyn,2368,2092,4460
m,bradley,2395,2040,4435
f,lilly,2297,2132,4429
m,kyle,2385,2018,4403
m,karter,2281,2114,4395
m,aidan,2252,2102,4354
m,kaden,2333,2017,4350
f,paige,2287,2041,4328
m,avery,2208,2099,4307
f,margaret,2103,2202,4305
f,melody,2173,2128,4301
f,isabel,2156,2100,4256
m,zayden,2126,2115,4241
f,molly,2249,1977,4226
f,athena,2046,2162,4208
m,brian,2208,1965,4173
m,finn,1895,2277,4172
f,makayla,2248,1918,4166
m,maximus,2055,2108,4163
m,august,2080,2076,4156
f,eden,2060,2068,4128
m,elliot,1906,2220,4126
m,mark,2059,2057,4116
m,caden,2129,1984,4113
f,mckenzie,2124,1982,4106
f,mya,2196,1902,4098
m,beau,1969,2113,4082
m,nicolas,1989,2065,4054
f,nicole,2108,1941,4049
f,norah,2026,2016,4042
m,gael,1782,2239,4021
f,valeria,1977,2031,4008
f,brooke,2146,1856,4002
f,mariah,2097,1905,4002
f,sara,1971,2024,3995
m,rowan,1809,2178,3987
f,aliyah,1964,1993,3957
f,rose,1938,2016,3954
m,elliott,1868,2085,3953
m,paul,2020,1921,3941
m,kenneth,2017,1901,3918
m,xander,1923,1988,3911
f,payton,2106,1793,3899
m,dean,1937,1953,3890
f,kendall,2191,1694,3885
m,jase,2289,1580,3869
f,amy,2037,1828,3865
f,juliana,1901,1944,3845
m,peter,1927,1904,3831
f,londyn,2018,1811,3829
f,valerie,1877,1949,3826
f,laila,1884,1937,3821
f,angelina,1963,1843,3806
m,iker,2174,1630,3804
m,waylon,1760,2041,3801
f,nova,1518,2272,3790
m,riley,2081,1706,3787
f,rachel,1922,1854,3776
m,jaden,2005,1768,3773
m,brady,2026,1745,3771
f,raelynn,1797,1971,3768
f,leilani,1794,1959,3753
f,elise,1841,1905,3746
f,gracie,1946,1799,3745
m,jasper,1855,1885,3740
f,emerson,1789,1947,3736
m,lorenzo,1838,1860,3698
f,eliza,1828,1851,3679
f,alina,1855,1814,3669
f,reese,1853,1815,3668
m,jax,1858,1797,3655
m,paxton,1670,1976,3646
m,beckett,1817,1827,3644
f,cecilia,1776,1814,3590
m,derek,1876,1702,3578
f,alaina,1817,1760,3577
m,omar,1834,1730,3564
m,sean,1882,1657,3539
f,ryleigh,1655,1877,3532
f,brooklynn,1882,1649,3531
f,arya,1639,1890,3529
m,zane,1661,1851,3512
m,zion,1677,1828,3505
f,genevieve,1771,1723,3494
m,jake,1916,1576,3492
f,daisy,1763,1717,3480
f,teagan,1435,2034,3469
f,catherine,1799,1660,3459
m,andres,1671,1779,3450
f,harmony,1745,1703,3448
m,jorge,1706,1717,3423
m,myles,1732,1688,3420
m,cayden,1866,1543,3409
f,esther,1614,1789,3403
f,arabella,1674,1723,3397
f,vanessa,1726,1654,3380
m,charlie,1666,1697,3363
m,dawson,1583,1778,3361
m,emiliano,1666,1693,3359
m,corbin,1764,1594,3358
f,adelyn,1677,1659,3336
m,river,1509,1825,3334
f,finley,1601,1719,3320
m,javier,1695,1624,3319
f,presley,1720,1595,3315
m,brooks,1652,1663,3315
f,charlie,1557,1751,3308
m,tanner,1710,1595,3305
f,daniela,1641,1663,3304
f,julianna,1706,1597,3303
m,griffin,1608,1688,3296
m,messiah,1512,1776,3288
f,destiny,1712,1573,3285
m,judah,1634,1648,3282
f,rebecca,1718,1563,3281
f,hayden,1708,1569,3277
f,summer,1678,1590,3268
f,michelle,1699,1559,3258
f,iris,1499,1736,3235
m,israel,1571,1663,3234
f,adriana,1723,1489,3212
f,callie,1677,1531,3208
f,lila,1650,1549,3199
f,anastasia,1499,1694,3193
m,simon,1640,1544,3184
f,alana,1616,1564,3180
m,lukas,1427,1744,3171
m,rhett,1338,1761,3099
f,amaya,1525,1571,3096
f,juliette,1449,1646,3095
f,fiona,1492,1547,3039
m,gunner,1581,1445,3026
f,gabrielle,1597,1410,3007
f,alexandria,1529,1460,2989
f,angela,1485,1503,2988
f,marley,1493,1491,2984
m,cody,1583,1391,2974
f,alivia,1517,1452,2969
f,ana,1540,1425,2965
m,erick,1367,1597,2964
f,lucia,1449,1511,2960
f,jessica,1582,1375,2957
f,giselle,1484,1457,2941
f,tessa,1554,1385,2939
m,rylan,1550,1389,2939
m,kameron,1500,1436,2936
m,knox,1399,1527,2926
f,stephanie,1558,1366,2924
m,francisco,1482,1440,2922
f,parker,1442,1470,2912
f,alayna,1456,1431,2887
m,adriel,1286,1593,2879
m,felix,1374,1502,2876
f,kate,1474,1382,2856
m,stephen,1485,1367,2852
f,makenzie,1545,1299,2844
f,georgia,1433,1405,2838
m,clayton,1471,1364,2835
m,zander,1453,1380,2833
m,jayceon,1371,1461,2832
f,lola,1450,1372,2822
f,eloise,1261,1554,2815
m,gage,1530,1284,2814
f,sienna,1436,1365,2801
m,cash,1362,1434,2796
m,spencer,1429,1357,2786
m,chance,1452,1329,2781
f,adaline,902,1873,2775
m,milo,1276,1495,2771
m,eduardo,1445,1321,2766
f,jayla,1382,1377,2759
f,hope,1433,1324,2757
f,brynlee,1317,1428,2745
f,juliet,1353,1391,2744
f,daleyza,1395,1346,2741
f,dakota,1330,1405,2735
m,martin,1339,1391,2730
m,reid,1335,1393,2728
m,amari,1364,1351,2715
m,damien,1415,1292,2707
m,andre,1315,1389,2704
f,vivienne,1426,1275,2701
m,travis,1396,1297,2693
m,josue,1345,1348,2693
f,leila,1303,1383,2686
m,archer,1272,1379,2651
f,kaitlyn,1656,994,2650
f,kinley,1405,1243,2648
m,raymond,1378,1264,2642
f,maggie,1328,1312,2640
f,josie,1284,1352,2636
m,dallas,1412,1218,2630
m,ricardo,1337,1293,2630
f,izabella,1410,1216,2626
m,keegan,1343,1282,2625
f,cali,1430,1194,2624
m,tobias,1114,1508,2622
m,peyton,1376,1237,2613
f,camille,1306,1300,2606
m,remington,1202,1401,2603
m,holden,1250,1347,2597
m,fernando,1346,1241,2587
m,manuel,1293,1291,2584
m,jaiden,1352,1225,2577
m,titus,1310,1267,2577
m,arthur,1242,1333,2575
m,maximiliano,1193,1381,2574
m,collin,1376,1195,2571
m,cristian,1347,1210,2557
f,harley,1127,1422,2549
f,mckenna,1299,1245,2544
f,evangeline,1219,1324,2543
f,noelle,1282,1260,2542
m,devin,1376,1164,2540
m,conner,1403,1135,2538
f,delaney,1325,1198,2523
m,emilio,1186,1334,2520
m,barrett,1140,1379,2519
f,melissa,1276,1228,2504
f,gabriela,1259,1243,2502
m,garrett,1349,1144,2493
f,sawyer,1219,1272,2491
m,seth,1339,1147,2486
m,kyler,1286,1176,2462
f,kylee,1388,1073,2461
m,cesar,1302,1154,2456
f,aniyah,1296,1159,2455
f,brynn,1224,1231,2455
m,rafael,1222,1232,2454
m,donovan,1297,1148,2445
m,louis,1205,1239,2444
m,mario,1287,1150,2437
m,leon,1133,1303,2436
f,jennifer,1281,1153,2434
f,gemma,1169,1264,2433
m,lane,1206,1224,2430
f,rosalie,1187,1241,2428
f,ayla,1199,1226,2425
m,jeffrey,1257,1163,2420
m,emerson,1198,1216,2414
m,caiden,1286,1126,2412
m,thiago,1032,1364,2396
f,adelaide,1157,1227,2384
m,phoenix,1157,1226,2383
f,paris,1212,1152,2364
f,maci,1177,1185,2362
f,olive,1205,1155,2360
f,jacqueline,1229,1130,2359
m,killian,972,1376,2348
f,cassidy,1231,1113,2344
f,journey,1149,1193,2342
f,keira,1310,1030,2340
m,anderson,1183,1155,2338
f,rowan,985,1344,2329
f,jordan,1212,1113,2325
f,elliana,1068,1257,2325
f,joanna,1059,1263,2322
m,karson,1220,1097,2317
m,walter,1153,1163,2316
f,june,1131,1180,2311
m,finley,1057,1242,2299
m,troy,1197,1100,2297
f,lilliana,1169,1126,2295
f,raegan,1165,1129,2294
f,lena,1160,1134,2294
f,allie,1257,1035,2292
f,amiyah,1060,1228,2288
m,kyrie,1031,1256,2287
f,elaina,1101,1184,2285
m,hector,1191,1094,2285
f,miranda,1134,1135,2269
m,shane,1210,1058,2268
m,trevor,1180,1083,2263
f,diana,1084,1178,2262
f,kali,1183,1078,2261
f,adelynn,1138,1123,2261
f,malia,1027,1227,2254
m,angelo,1205,1040,2245
f,katelyn,1380,864,2244
m,nash,990,1254,2244
f,jane,1111,1129,2240
m,edwin,1144,1096,2240
f,lucille,1115,1122,2237
f,lyric,1107,1128,2235
f,charlee,1122,1094,2216
f,alessandra,1137,1066,2203
f,miriam,1098,1100,2198
f,mariana,1086,1106,2192
f,sloane,998,1184,2182
f,ruth,1099,1081,2180
m,enzo,1042,1138,2180
m,johnny,1146,1028,2174
f,talia,1119,1052,2171
m,johnathan,1153,1017,2170
f,amina,1061,1100,2161
m,tyson,1127,1030,2157
m,julius,1139,1014,2153
m,jett,1044,1106,2150
m,ali,1060,1083,2143
f,paislee,1009,1130,2139
m,marco,1082,1056,2138
f,phoebe,1115,1021,2136
f,haley,1133,999,2132
f,makenna,1113,1017,2130
f,selena,1009,1119,2128
m,dominick,1104,1024,2128
m,ronan,1027,1101,2128
f,kenzie,1139,984,2123
m,andy,1066,1056,2122
m,edgar,1111,1009,2120
f,nina,1075,1041,2116
f,annie,1002,1113,2115
f,lilah,1027,1082,2109
f,angel,1107,1001,2108
f,vera,1050,1052,2102
m,cohen,1017,1085,2102
f,fatima,1042,1059,2101
m,marshall,1093,999,2092
f,blakely,918,1173,2091
f,haven,991,1098,2089
m,dalton,1046,1038,2084
m,sergio,1040,1038,2078
m,dante,1072,1004,2076
m,cruz,1064,1011,2075
f,lexi,1050,1019,2069
f,danielle,1083,984,2067
m,joaquin,1077,990,2067
m,gideon,1050,1016,2066
f,river,945,1118,2063
m,walker,1008,1044,2052
f,shelby,1072,978,2050
f,adrianna,1098,947,2045
m,colt,1014,1023,2037
m,beckham,922,1114,2036
f,maddison,1047,979,2026
f,catalina,999,1024,2023
f,madilyn,1022,999,2021
f,skyler,1114,905,2019
f,madeleine,1065,947,2012
f,amanda,1020,992,2012
f,addilyn,972,1033,2005
m,reed,1043,960,2003
f,daniella,1015,984,1999
f,arielle,928,1068,1996
f,nyla,1000,993,1993
f,raelyn,961,1024,1985
m,quinn,945,1040,1985
f,chelsea,1054,928,1982
f,lia,991,980,1971
f,kamila,994,974,1968
f,jenna,1080,883,1963
f,laura,1005,958,1963
m,alexis,994,961,1955
f,kayleigh,1000,951,1951
m,erik,1013,937,1950
m,legend,810,1130,1940
f,katie,1049,885,1934
f,heaven,940,993,1933
f,alison,964,966,1930
m,orion,870,1059,1929
f,ainsley,963,963,1926
f,kendra,960,954,1914
f,ember,895,1009,1904
m,shawn,959,939,1898
f,emersyn,827,1068,1895
m,gregory,982,913,1895
m,frank,942,951,1893
m,grady,957,934,1891
f,erin,969,920,1889
m,atticus,974,914,1888
m,emanuel,976,908,1884
m,major,908,975,1883
m,jaylen,994,888,1882
f,jada,1052,829,1881
f,alexia,1016,865,1881
f,ada,916,959,1875
f,myla,969,892,1861
m,allen,969,889,1858
f,nadia,948,908,1856
f,journee,865,986,1851
m,desmond,958,891,1849
f,rylie,844,1003,1847
f,camilla,870,972,1842
f,blake,751,1091,1842
f,kathryn,1012,829,1841
m,muhammad,881,958,1839
f,amber,973,865,1838
f,heidi,953,885,1838
m,jared,1007,829,1836
f,gracelyn,919,909,1828
m,prince,820,1007,1827
f,cadence,962,864,1826
m,nehemiah,906,918,1824
f,felicity,906,917,1823
f,zara,805,1018,1823
m,trenton,1008,815,1823
f,elsie,846,974,1820
m,landen,1005,812,1817
f,christina,975,841,1816
f,ashlyn,981,830,1811
f,briella,907,904,1811
f,sage,882,928,1810
m,roberto,924,886,1810
f,kelsey,949,853,1802
f,thea,688,1113,1801
m,fabian,936,865,1801
m,dakota,937,861,1798
f,kyla,915,882,1797
f,sabrina,919,874,1793
f,ariella,812,981,1793
f,kaydence,945,845,1790
f,alondra,945,843,1788
f,kira,905,876,1781
m,ace,737,1034,1771
f,aspen,874,896,1770
f,kamryn,906,861,1767
f,leia,762,1005,1767
f,amara,689,1078,1767
m,daxton,848,917,1765
f,alicia,904,859,1763
f,brinley,784,979,1763
f,mikayla,943,819,1762
f,lana,920,841,1761
f,freya,766,991,1757
m,solomon,866,890,1756
f,cheyenne,948,802,1750
m,pedro,873,874,1747
f,esmeralda,880,864,1744
m,romeo,851,893,1744
f,gia,873,868,1741
m,kash,839,898,1737
f,scarlet,868,862,1730
m,ellis,737,992,1729
f,remi,633,1095,1728
f,amira,857,867,1724
m,clark,863,861,1724
f,gracelynn,836,871,1707
m,theo,764,943,1707
f,bianca,857,849,1706
m,conor,624,1082,1706
m,leonel,819,886,1705
m,noel,860,844,1704
m,kendrick,875,821,1696
m,malik,852,839,1691
m,abram,835,856,1691
f,veronica,889,801,1690
m,kason,814,873,1687
m,jensen,788,899,1687
f,logan,833,852,1685
m,drew,889,793,1682
f,leslie,878,801,1679
f,juniper,740,939,1679
f,allyson,907,770,1677
f,carmen,855,820,1675
f,daphne,864,809,1673
m,skyler,909,762,1671
m,rory,852,819,1671
f,joy,727,941,1668
f,kiara,813,850,1663
m,cade,886,777,1663
m,ruben,860,796,1656
f,aylin,893,761,1654
f,dylan,814,837,1651
m,zaiden,862,786,1648
f,ariah,607,1040,1647
f,carly,842,802,1644
f,skye,855,788,1643
f,elle,816,825,1641
f,kennedi,846,794,1640
f,camryn,823,815,1638
f,ashlynn,869,759,1628
f,miracle,770,856,1626
f,anaya,788,836,1624
f,averie,839,782,1621
f,april,801,820,1621
f,gwendolyn,791,824,1615
m,gunnar,824,791,1615
f,mckinley,858,755,1613
f,dahlia,774,839,1613
m,kamden,864,741,1605
m,leland,849,753,1602
m,kade,829,771,1600
m,adan,784,815,1599
m,porter,859,739,1598
m,jay,797,800,1597
f,zuri,712,884,1596
f,annalise,779,816,1595
m,warren,771,823,1594
f,megan,850,743,1593
m,pablo,800,787,1587
f,kaia,702,879,1581
m,matias,664,913,1577
m,finnegan,763,813,1576
f,helen,762,813,1575
m,derrick,830,743,1573
f,mallory,832,735,1567
f,annabella,817,746,1563
f,evelynn,718,843,1561
m,ismael,769,791,1560
m,aden,867,692,1559
f,sierra,790,757,1547
m,braylon,811,734,1545
m,jaxton,755,790,1545
m,russell,764,780,1544
m,arlo,576,968,1544
f,tatum,778,765,1543
m,kayson,700,843,1543
f,harlow,757,781,1538
m,esteban,774,759,1533
m,jonas,713,816,1529
f,jimena,693,827,1520
m,odin,688,831,1519
f,nylah,720,795,1515
f,maeve,699,816,1515
m,malcolm,739,774,1513
m,ibrahim,698,815,1513
m,ari,766,742,1508
m,corey,748,760,1508
f,francesca,744,762,1506
m,brendan,821,683,1504
m,kane,713,790,1503
f,carolina,732,769,1501
f,kyleigh,855,641,1496
f,serena,778,716,1494
m,bodhi,583,909,1492
f,yaretzi,808,677,1485
f,braelynn,682,803,1485
f,briana,763,719,1482
f,maliyah,727,754,1481
m,hendrix,692,789,1481
m,marcos,762,716,1478
m,princeton,709,769,1478
f,jayleen,750,716,1466
m,drake,774,690,1464
m,harvey,694,770,1464
f,viviana,745,718,1463
m,bruce,762,697,1459
m,phillip,758,701,1459
f,bethany,763,687,1450
m,dexter,755,695,1450
m,braylen,751,696,1447
f,abby,721,724,1445
f,nia,715,730,1445
m,sullivan,663,777,1440
f,madelynn,768,669,1437
f,macie,764,672,1436
f,jazmin,729,705,1434
f,leighton,678,754,1432
m,armando,750,680,1430
m,zachariah,733,696,1429
m,ronald,702,724,1426
m,hugo,708,717,1425
m,franklin,688,737,1425
m,tate,736,687,1423
m,gerardo,742,680,1422
f,luciana,683,736,1419
f,alejandra,701,717,1418
f,baylee,788,626,1414
f,lorelei,703,711,1414
m,philip,704,709,1413
m,maximilian,698,715,1413
f,phoenix,693,719,1412
f,millie,677,735,1412
m,milan,723,685,1408
m,damon,713,695,1408
f,aleah,709,697,1406
f,malaysia,722,683,1405
m,enrique,711,693,1404
m,lawson,698,705,1403
f,macy,772,628,1400
f,evie,611,784,1395
m,jayson,760,633,1393
f,marlee,692,699,1391
m,atlas,599,787,1386
f,addyson,708,677,1385
f,emely,731,649,1380
m,chandler,730,650,1380
f,eve,677,698,1375
f,marilyn,746,628,1374
m,kellan,774,597,1371
f,amari,675,695,1370
m,raiden,632,736,1368
m,brock,678,684,1362
f,nayeli,691,670,1361
f,sarai,719,641,1360
f,justice,698,662,1360
m,kolton,748,612,1360
f,angelica,749,609,1358
m,jamison,683,675,1358
f,ryan,677,680,1357
f,selah,682,672,1354
f,willa,672,682,1354
m,keith,723,630,1353
m,cyrus,631,722,1353
m,danny,714,636,1350
m,benson,629,721,1350
m,braden,753,593,1346
f,janelle,677,663,1340
m,raul,691,649,1340
m,dillon,680,660,1340
m,wade,553,785,1338
f,regina,604,733,1337
f,julie,692,644,1336
f,rosemary,604,729,1333
m,albert,691,642,1333
f,zariah,621,711,1332
f,cataleya,723,606,1329
m,rocco,654,673,1327
f,frances,607,716,1323
f,aubrie,677,645,1322
f,braelyn,680,640,1320
m,malakai,599,721,1320
f,jillian,721,597,1318
m,mohamed,671,646,1317
m,scott,662,655,1317
f,michaela,646,669,1315
f,karina,687,626,1313
m,deacon,667,645,1312
m,augustus,645,667,1312
m,khalil,623,689,1312
m,donald,690,621,1311
m,royal,647,660,1307
f,lacey,671,634,1305
f,itzel,651,654,1305
m,brycen,668,635,1303
m,cason,656,647,1303
f,kassidy,682,617,1299
f,aleena,687,611,1298
f,priscilla,631,666,1297
m,taylor,656,639,1295
f,bristol,705,585,1290
m,moses,633,657,1290
m,lennox,598,692,1290
m,pierce,648,641,1289
f,elisa,654,628,1282
m,julio,662,619,1281
f,jazmine,700,578,1278
f,raven,652,626,1278
f,carter,579,699,1278
f,emmalyn,689,585,1274
f,brylee,675,599,1274
f,kelly,673,601,1274
f,liana,594,680,1274
m,alec,662,612,1274
f,sylvia,658,614,1272
m,zayne,584,686,1270
f,hattie,653,616,1269
f,aviana,430,839,1269
f,aisha,649,617,1266
f,colette,593,672,1265
f,celeste,638,625,1263
m,nikolai,625,637,1262
m,jaime,606,655,1261
f,jamie,638,621,1259
f,brittany,687,570,1257
m,moises,625,632,1257
m,kasen,630,626,1256
m,francis,619,636,1255
f,lennon,605,649,1254
m,nico,651,603,1254
m,sterling,593,661,1254
f,madisyn,675,575,1250
m,rodrigo,658,592,1250
f,margot,505,742,1247
f,giuliana,684,561,1245
m,davis,626,618,1244
f,kara,619,622,1241
m,quentin,613,628,1241
f,karen,625,614,1239
f,holly,653,585,1238
m,hayes,529,709,1238
f,madilynn,638,597,1235
f,fernanda,551,684,1235
m,landyn,673,559,1232
m,brennan,686,545,1231
m,nasir,561,668,1229
f,edith,596,631,1227
f,alani,593,634,1227
f,jazlyn,626,599,1225
f,kyra,648,568,1216
m,colby,663,550,1213
f,charleigh,591,620,1211
f,jaylah,664,543,1207
f,melany,657,550,1207
f,danna,601,605,1206
m,kian,601,605,1206
f,lauryn,620,585,1205
f,saylor,478,727,1205
f,matilda,581,623,1204
f,tiffany,648,555,1203
m,alijah,620,582,1202
m,remy,554,648,1202
f,savanna,628,570,1198
f,virginia,598,599,1197
m,luka,550,646,1196
m,lawrence,582,612,1194
f,adelina,569,624,1193
m,winston,548,645,1193
m,ronin,605,587,1192
m,bowen,555,636,1191
m,royce,532,659,1191
f,lilian,637,549,1186
f,ariyah,478,707,1185
m,ryland,593,592,1185
f,haylee,665,519,1184
m,jerry,595,589,1184
m,mathew,624,558,1182
f,hanna,596,583,1179
f,helena,581,598,1179
f,winter,565,614,1179
m,dennis,589,581,1170
f,cameron,586,583,1169
m,johan,514,655,1169
f,alanna,618,549,1167
m,ahmed,588,579,1167
m,rhys,560,606,1166
m,keaton,621,543,1164
f,karla,612,551,1163
f,henley,558,602,1160
m,hank,531,629,1160
f,charley,603,555,1158
f,gloria,595,563,1158
f,sasha,576,581,1157
f,remington,461,696,1157
m,adonis,357,800,1157
m,darius,577,578,1155
f,cassandra,612,540,1152
f,jayda,642,509,1151
m,arjun,575,576,1151
f,imani,580,568,1148
m,zayn,406,741,1147
m,ty,612,534,1146
m,saul,591,555,1146
m,leonidas,553,591,1144
f,cecelia,570,573,1143
m,justice,547,595,1142
f,johanna,576,560,1136
m,frederick,556,579,1135
m,tony,574,560,1134
m,eden,572,562,1134
f,elsa,656,476,1132
f,liberty,560,571,1131
f,mabel,529,602,1131
f,janiyah,578,550,1128
f,cynthia,577,550,1127
m,dustin,576,550,1126
m,nixon,559,566,1125
f,rebekah,600,522,1122
f,skyla,557,561,1118
m,matthias,515,602,1117
m,omari,564,550,1114
f,mariam,547,566,1113
f,alayah,537,576,1113
f,samara,448,663,1111
m,raylan,630,481,1111
m,luciano,528,581,1109
f,aileen,609,499,1108
m,asa,538,566,1104
m,mathias,508,596,1104
f,maia,560,542,1102
f,maryam,540,562,1102
f,anne,541,560,1101
f,crystal,559,539,1098
f,lainey,527,571,1098
m,callen,553,543,1096
f,beatrice,540,553,1093
m,arturo,556,537,1093
f,lilith,512,580,1092
f,meredith,509,583,1092
m,kieran,558,534,1092
f,kailey,586,504,1090
m,kyson,532,557,1089
f,bridget,581,506,1087
m,dax,517,570,1087
f,mira,515,567,1082
f,marissa,579,502,1081
m,otto,524,556,1080
f,bailee,560,518,1078
f,marie,551,526,1077
f,blair,483,594,1077
f,avianna,374,703,1077
m,raphael,530,547,1077
f,hallie,542,533,1075
m,chris,565,510,1075
m,armani,558,515,1073
m,lewis,490,582,1072
f,kaliyah,574,497,1071
f,monica,554,515,1069
f,anya,561,507,1068
m,roy,531,536,1067
f,julissa,563,502,1065
m,aarav,539,519,1058
f,magnolia,448,609,1057
m,isaias,520,537,1057
m,gustavo,541,515,1056
f,kaylie,559,496,1055
f,myra,493,560,1053
m,ezequiel,487,563,1050
m,ariel,455,595,1050
m,marvin,519,529,1048
m,darren,525,522,1047
m,kobe,465,582,1047
m,izaiah,529,516,1045
m,case,525,518,1043
m,uriel,491,552,1043
f,hayley,565,476,1041
m,curtis,540,501,1041
f,azalea,520,520,1040
f,galilea,446,594,1040
f,anika,522,516,1038
f,mae,511,527,1038
m,dorian,507,531,1038
f,kensley,445,591,1036
m,alonzo,540,496,1036
m,moshe,529,505,1034
m,emmitt,476,558,1034
f,demi,484,548,1032
f,emelia,504,527,1031
m,alberto,518,513,1031
f,dallas,551,479,1030
f,elianna,494,535,1029
f,charli,558,470,1028
f,braylee,549,478,1027
f,madalyn,540,487,1027
m,casey,515,509,1024
f,coraline,527,496,1023
m,mohammed,560,461,1021
m,cullen,492,528,1020
f,renata,446,573,1019
f,dayana,521,496,1017
m,jakob,545,472,1017
f,lillie,526,490,1016
f,addisyn,515,498,1013
f,everleigh,474,538,1012
m,mauricio,509,500,1009
f,jaliyah,516,492,1008
m,uriah,482,526,1008
m,kellen,568,439,1007
f,greta,533,471,1004
f,pearl,458,546,1004
f,oakley,471,531,1002
f,anahi,466,535,1001
m,jimmy,486,515,1001
m,cannon,470,530,1000
f,ivanna,467,532,999
m,jamari,521,478,999
f,jessa,569,429,998
f,annika,540,454,994
f,maisie,458,536,994
m,sam,519,474,993
m,devon,512,481,993
f,wren,403,589,992
f,kaelyn,601,390,991
f,melina,502,489,991
f,tenley,426,565,991
f,angie,510,480,990
m,nikolas,495,494,989
m,rayan,475,512,987
m,soren,486,494,980
m,roland,470,508,978
f,jaelyn,488,488,976
m,trey,512,463,975
f,angelique,540,434,974
m,mohammad,524,450,974
f,lilyana,532,440,972
m,oakley,494,478,972
f,shiloh,481,488,969
f,mikaela,483,485,968
m,duke,454,513,967
m,reece,492,474,966
f,kimber,450,514,964
m,yusuf,468,496,964
f,guadalupe,505,457,962
f,alena,496,465,961
m,ahmad,496,465,961
m,colten,516,441,957
f,tiana,482,474,956
m,larry,513,442,955
m,alfredo,470,482,952
m,jalen,468,481,949
m,cayson,428,520,948
m,gianni,498,448,946
f,miah,469,474,943
f,emmy,466,476,942
f,kadence,531,410,941
m,layton,522,417,939
m,issac,505,433,938
f,jaelynn,493,442,935
m,jasiah,446,485,931
m,mitchell,472,458,930
m,quincy,456,473,929
f,aniya,498,429,927
m,sage,401,526,927
m,hamza,433,492,925
f,jessie,468,456,924
f,emilee,515,407,922
f,jolene,382,540,922
m,trent,514,408,922
f,elliot,448,473,921
f,alia,471,449,920
f,siena,445,475,920
f,sloan,405,514,919
f,leona,417,501,918
m,gary,476,442,918
m,ricky,474,444,918
m,quinton,462,453,915
f,kori,441,473,914
m,alvin,451,463,914
f,alaia,427,486,913
f,elaine,422,490,912
f,rosa,452,459,911
f,lorelai,437,474,911
m,crosby,484,427,911
m,randy,491,417,908
m,samson,430,476,906
f,karsyn,452,453,905
m,korbin,463,439,902
f,emory,454,447,901
m,nathanael,477,423,900
m,edison,420,480,900
f,jemma,409,487,896
m,carl,454,442,896
f,irene,451,444,895
f,kora,461,433,894
f,elliott,423,469,892
m,bryant,425,465,890
f,nathalie,455,434,889
m,conrad,429,460,889
m,joe,457,431,888
m,lennon,440,446,886
f,adele,442,443,885
m,lance,452,433,885
m,roger,477,407,884
m,bo,434,450,884
f,amelie,445,438,883
f,rory,418,465,883
m,tatum,469,413,882
m,santino,447,435,882
m,lionel,405,474,879
f,saige,397,481,878
f,armani,429,447,876
f,milani,426,450,876
m,gannon,531,345,876
m,salvador,421,455,876
m,douglas,430,445,875
f,ansley,464,409,873
f,addilynn,386,486,872
m,brayan,461,411,872
m,wilson,433,438,871
f,annabel,461,406,867
m,braydon,489,378,867
m,orlando,436,430,866
f,lylah,450,414,864
f,aitana,299,564,863
f,zelda,442,420,862
f,chanel,413,449,862
f,teresa,426,435,861
m,boston,447,414,861
f,kenna,421,439,860
f,linda,425,434,859
m,ramon,419,440,859
f,marina,434,424,858
f,clarissa,405,453,858
f,myah,414,442,856
m,julien,425,431,856
f,collins,404,451,855
m,niko,420,434,854
f,elyse,436,417,853
f,sutton,423,430,853
f,ivory,394,458,852
f,royal,376,474,850
f,perla,442,407,849
m,nelson,423,426,849
f,ellen,402,446,848
m,cassius,403,444,847
m,sylas,437,409,846
m,mekhi,419,426,845
f,esme,418,426,844
f,dorothy,396,448,844
m,tristen,430,414,844
m,lucian,419,425,844
f,aliza,421,422,843
f,meadow,420,423,843
f,zahra,411,432,843
f,hadassah,402,440,842
m,leonard,396,446,842
m,talon,438,402,840
m,ayaan,416,424,840
m,maurice,432,406,838
f,avah,434,403,837
f,lindsey,473,363,836
f,jaycee,440,396,836
m,byron,456,380,836
f,kiera,444,391,835
m,neil,413,422,835
f,reyna,399,435,834
f,ariya,408,424,832
f,laylah,403,429,832
f,celine,339,492,831
f,malaya,390,440,830
m,sincere,424,405,829
f,tatiana,442,386,828
m,memphis,399,428,827
f,jayden,437,389,826
f,laurel,368,456,824
f,amirah,424,399,823
f,rayna,392,431,823
m,jagger,390,433,823
m,aldo,430,391,821
m,noe,424,397,821
f,elisabeth,396,424,820
m,kylan,385,435,820
f,whitney,446,373,819
f,adley,337,482,819
f,kaylin,464,353,817
m,titan,412,405,817
f,julieta,348,468,816
f,milana,419,395,814
f,karter,410,404,814
m,deandre,439,375,814
m,madden,438,376,814
f,natasha,425,387,812
f,lilianna,396,415,811
f,kenia,361,450,811
m,elian,362,449,811
f,monroe,394,416,810
f,dulce,430,379,809
f,laney,442,366,808
f,liv,395,413,808
m,forrest,390,417,807
f,bria,442,364,806
m,jefferson,378,428,806
f,ophelia,276,529,805
f,alma,413,390,803
f,mara,380,423,803
m,vihaan,414,389,803
f,jolie,372,430,802
f,lailah,405,396,801
f,kynlee,436,364,800
f,royalty,219,581,800
m,abdullah,394,406,800
f,kenley,431,368,799
f,joselyn,414,385,799
f,lea,380,419,799
m,kristopher,455,343,798
m,rowen,402,396,798
f,eileen,408,389,797
f,alaya,389,405,794
f,audrina,410,383,793
f,harlee,331,462,793
m,london,448,345,793
m,makai,371,420,791
m,rex,371,419,790
m,kingsley,322,468,790
f,montserrat,440,349,789
f,livia,390,399,789
f,kailyn,435,353,788
f,penny,372,416,788
m,apollo,320,468,788
m,fletcher,386,401,787
f,amiya,402,384,786
f,breanna,427,358,785
m,morgan,378,407,785
f,milan,406,376,782
f,jaylene,400,382,782
f,aurelia,351,431,782
f,lexie,399,381,780
f,clare,388,392,780
f,amani,385,395,780
m,eddie,381,398,779
f,milena,372,405,777
f,chaya,378,397,775
m,dane,423,351,774
f,karlee,406,367,773
f,lennox,379,394,773
f,keyla,348,425,773
f,alyson,418,354,772
f,scarlette,361,411,772
m,terry,386,386,772
m,casen,366,406,772
f,zariyah,377,394,771
f,erika,388,381,769
m,ernesto,410,359,769
f,madalynn,414,354,768
m,valentino,375,390,765
m,thaddeus,356,409,765
m,langston,364,400,764
m,kyree,361,403,764
f,erica,416,346,762
f,kalani,331,431,762
f,jayde,322,440,762
m,kamari,366,396,762
m,harley,387,374,761
f,leyla,360,399,759
f,kinslee,375,383,758
f,noa,368,389,757
f,wynter,360,397,757
f,aliana,381,375,756
f,rosie,364,391,755
f,averi,398,356,754
f,aryanna,393,361,754
m,blaine,399,355,754
m,lee,372,382,754
f,ariadne,366,387,753
m,zeke,356,394,750
f,claudia,378,371,749
f,mina,368,380,748
m,hezekiah,374,374,748
f,gwen,376,371,747
f,martha,356,389,745
f,christine,355,388,743
m,finnley,323,419,742
f,emerie,355,386,741
f,aubrielle,362,378,740
m,dominik,403,337,740
m,mack,387,353,740
f,corinne,385,354,739
f,kallie,407,331,738
f,caitlyn,493,244,737
f,hadlee,345,392,737
m,reese,357,380,737
f,emmalynn,406,330,736
f,salma,351,385,736
f,cara,385,350,735
m,flynn,361,374,735
m,alessandro,370,364,734
m,kelvin,398,335,733
m,jaxen,395,338,733
f,amaris,356,376,732
m,marc,376,356,732
m,brentley,409,322,731
f,arely,361,369,730
m,bruno,348,382,730
f,sky,367,362,729
f,anabelle,380,348,728
f,jaylee,375,353,728
m,alden,340,388,728
f,patricia,347,380,727
m,stanley,363,364,727
f,remy,332,394,726
m,kristian,374,352,726
f,roselyn,383,342,725
f,kassandra,372,353,725
m,jacoby,393,330,723
m,bronson,382,341,723
f,carolyn,373,349,722
f,leanna,368,354,722
f,noemi,362,360,722
m,kaison,332,390,722
f,danica,401,320,721
f,clementine,342,378,720
m,briggs,323,397,720
f,paola,383,336,719
f,lara,342,377,719
m,allan,391,328,719
m,branson,359,360,719
f,courtney,373,344,717
f,joyce,332,385,717
m,callum,369,348,717
f,lisa,373,342,715
f,nola,368,347,715
m,zechariah,392,322,714
m,yahir,389,325,714
f,isabela,367,346,713
f,jazlynn,367,346,713
f,simone,340,373,713
f,jaylynn,390,322,712
f,kairi,365,347,712
m,rohan,385,327,712
m,zain,346,366,712
f,khaleesi,341,370,711
f,amia,358,351,709
f,maleah,335,374,709
m,amos,336,373,709
m,guillermo,387,321,708
f,janessa,395,312,707
f,raquel,375,332,707
f,giovanna,344,363,707
m,rayden,379,328,707
f,taliyah,355,350,705
f,katalina,357,347,704
f,thalia,354,350,704
f,emmeline,346,358,704
m,terrance,376,328,704
m,aryan,359,345,704
m,carmelo,351,353,704
m,yosef,350,354,704
f,ayleen,342,361,703
f,tori,342,361,703
f,analia,322,381,703
f,estrella,353,349,702
m,demetrius,374,327,701
m,tripp,365,336,701
m,callan,365,332,697
m,jamir,361,336,697
m,axton,359,338,697
f,amalia,339,357,696
f,deborah,347,348,695
m,ares,339,356,695
f,chana,330,364,694
f,caitlin,475,217,692
f,kristina,378,313,691
f,hunter,356,335,691
f,kailani,316,374,690
m,melvin,361,328,689
f,alannah,370,318,688
f,aiyana,333,355,688
f,naya,358,329,687
f,brenda,349,338,687
f,azariah,326,361,687
f,rylan,316,371,687
m,layne,350,337,687
f,ciara,370,316,686
f,briar,333,353,686
m,kaysen,347,339,686
f,kaylynn,377,308,685
f,katelynn,439,245,684
m,tomas,341,343,684
m,jon,330,354,684
m,toby,369,314,683
m,rodney,344,338,682
f,zoie,370,311,681
f,paulina,314,367,681
m,jamal,328,353,681
f,estelle,341,339,680
m,lucca,319,361,680
f,carlee,366,313,679
m,kareem,334,344,678
m,ben,330,347,677
m,joziah,318,359,677
m,kohen,297,380,677
m,crew,345,331,676
f,monserrat,367,308,675
f,kathleen,337,338,675
f,ryann,332,343,675
f,astrid,311,363,674
m,clay,342,332,674
f,frida,325,348,673
m,tommy,352,320,672
m,harry,300,372,672
m,arian,347,324,671
f,lillianna,353,316,669
f,belen,296,373,669
m,ray,347,322,669
m,skylar,351,317,668
m,joey,314,354,668
f,casey,342,325,667
f,adrienne,327,340,667
m,vicente,332,335,667
m,ford,325,342,667
f,karlie,341,325,666
f,zaria,318,348,666
m,canaan,283,382,665
f,celia,325,339,664
f,marianna,325,339,664
m,brecken,334,330,664
f,yareli,312,351,663
m,jedidiah,343,319,662
m,lachlan,310,351,661
f,hana,326,334,660
m,emery,323,337,660
f,lina,327,332,659
f,zaniyah,338,320,658
f,brenna,354,302,656
f,paula,310,346,656
f,nataly,303,353,656
m,cory,339,317,656
f,sandra,337,318,655
f,elora,283,372,655
m,leandro,298,357,655
f,paityn,337,317,654
m,azariah,359,295,654
m,chaim,347,307,654
m,brett,321,332,653
f,zendaya,352,300,652
m,jadiel,339,312,651
m,alonso,332,319,651
m,stetson,306,344,650
f,rivka,324,325,649
m,wayne,322,327,649
f,holland,332,316,648
f,nancy,341,306,647
f,barbara,321,326,647
f,louisa,302,345,647
f,nala,286,361,647
f,marjorie,351,295,646
f,dana,326,320,646
m,cain,325,321,646
f,kailee,344,301,645
f,romina,321,321,642
m,payton,362,280,642
m,bobby,327,313,640
f,carla,317,322,639
m,aron,332,307,639
f,farrah,360,278,638
f,milania,351,287,638
f,evalyn,320,318,638
f,poppy,259,379,638
f,faye,292,345,637
f,princess,268,369,637
f,raina,295,341,636
m,enoch,296,340,636
f,emilie,321,314,635
f,sariah,313,322,635
f,tinley,278,357,635
m,harper,341,294,635
f,bryleigh,319,314,633
f,kenya,309,324,633
f,iliana,302,331,633
m,samir,331,301,632
f,lizbeth,335,296,631
f,caylee,331,300,631
f,antonella,261,370,631
f,bonnie,321,309,630
f,aya,308,322,630
m,nickolas,336,294,630
m,zackary,320,310,630
f,avalynn,311,318,629
m,marcelo,313,316,629
f,desiree,346,282,628
f,nathaly,332,295,627
f,nathalia,322,305,627
m,brodie,323,303,626
f,hailee,335,289,624
f,kai,309,315,624
f,landry,297,327,624
f,marisol,333,290,623
f,dalary,301,322,623
f,mavis,265,358,623
f,kaylani,249,374,623
f,heavenly,280,342,622
m,xzavier,335,287,622
m,davion,323,299,622
f,andi,300,321,621
f,aliya,290,331,621
f,zaylee,272,349,621
f,yamileth,325,295,620
f,mercy,263,357,620
m,baylor,280,339,619
f,adilynn,347,271,618
f,estella,316,302,618
f,annalee,307,311,618
m,marcel,306,312,618
f,shayla,349,268,617
m,graysen,269,348,617
f,wendy,288,328,616
f,stevie,273,343,616
m,axl,312,304,616
f,madyson,339,276,615
f,ellis,281,334,615
m,hassan,317,298,615
m,maxton,286,328,614
m,dash,310,303,613
m,jeffery,303,310,613
f,emmaline,303,309,612
f,reina,284,328,612
f,micah,334,276,610
m,blaze,351,259,610
m,augustine,276,334,610
f,anabella,321,287,608
f,maliah,297,310,607
f,veda,289,318,607
f,jewel,311,295,606
f,julianne,308,298,606
f,judith,293,313,606
m,franco,253,353,606
f,kaya,324,280,604
f,kiana,279,325,604
f,joelle,243,361,604
m,yousef,296,308,604
f,bryanna,359,244,603
f,kaiya,312,290,602
f,zion,307,295,602
f,ingrid,282,320,602
m,elisha,302,300,602
f,hadleigh,284,317,601
m,kole,311,290,601
f,joslyn,321,279,600
f,marleigh,305,295,600
m,chad,312,288,600
m,fisher,292,308,600
f,aryana,335,264,599
f,giana,312,287,599
m,felipe,291,305,596
m,gerald,312,283,595
m,westin,320,274,594
m,willie,304,290,594
f,itzayana,226,367,593
m,bentlee,316,277,593
f,aranza,289,303,592
f,jasmin,310,281,591
f,paloma,304,287,591
f,tegan,286,305,591
m,castiel,276,315,591
f,abril,274,316,590
f,ally,318,271,589
f,amya,303,286,589
f,susan,293,296,589
m,kase,274,315,589
m,anson,286,302,588
f,zainab,287,300,587
m,otis,266,321,587
f,vienna,296,290,586
f,lindsay,328,257,585
f,aubriella,278,305,583
f,ellison,285,297,582
m,maximo,263,319,582
m,abdiel,254,328,582
f,yasmin,290,291,581
m,clyde,286,295,581
m,jermaine,312,267,579
m,dariel,260,319,579
f,noor,272,306,578
m,kody,307,271,578
m,kolten,307,271,578
m,duncan,293,285,578
m,lochlan,267,311,578
f,halle,301,276,577
f,reign,232,344,576
f,arden,300,275,575
f,tabitha,286,289,575
m,trace,287,285,572
m,reyansh,255,317,572
f,ann,306,264,570
f,sharon,275,295,570
m,eugene,272,298,570
m,maison,268,302,570
f,mariyah,275,294,569
f,sariyah,272,297,569
m,channing,298,271,569
m,anders,291,277,568
m,harold,283,285,568
f,lyra,275,292,567
f,kayden,314,252,566
m,ronnie,307,259,566
f,alisha,296,269,565
f,briley,297,267,564
f,jana,265,299,564
m,maxim,301,263,564
m,aydin,287,277,564
f,tara,301,262,563
f,elin,297,266,563
f,miya,279,284,563
f,aminah,303,258,561
f,alisson,300,261,561
f,cherish,288,273,561
m,vincenzo,277,284,561
f,kristen,309,251,560
f,esperanza,296,264,560
m,vance,316,244,560
m,kamdyn,276,284,560
m,darian,296,263,559
m,mayson,294,265,559
m,marlon,276,283,559
m,kannon,262,297,559
f,aimee,299,259,558
f,azaria,288,270,558
f,moriah,277,281,558
f,alessia,214,344,558
f,aislinn,281,276,557
m,kye,209,348,557
f,rhea,271,285,556
m,jamie,277,279,556
m,magnus,262,293,555
m,zaire,253,302,555
f,harmoni,283,271,554
f,ellianna,253,301,554
m,stefan,291,263,554
m,junior,270,284,554
f,jordynn,309,244,553
f,frankie,271,282,553
f,alyvia,258,295,553
f,heather,281,271,552
m,wilder,215,337,552
f,louise,242,309,551
m,dayton,309,242,551
m,ameer,267,284,551
m,grey,233,317,550
f,aadhya,265,284,549
f,rayne,260,289,549
m,shaun,308,241,549
m,houston,264,285,549
f,lilia,282,266,548
f,emmie,245,303,548
f,vada,242,306,548
f,meilani,284,263,547
f,luz,283,263,546
m,camdyn,268,278,546
m,landry,261,285,546
m,keagan,292,253,545
m,terrence,276,269,545
f,tinsley,265,279,544
m,harlan,273,271,544
m,damari,244,300,544
f,jaida,302,241,543
f,lilyanna,279,264,543
f,cordelia,285,257,542
m,giovani,294,248,542
m,will,268,274,542
f,dixie,287,254,541
f,belle,249,291,540
m,sonny,274,266,540
m,kamryn,261,279,540
f,kensington,278,261,539
f,ari,265,274,539
f,aubri,265,274,539
m,billy,281,258,539
m,anakin,236,303,539
f,america,282,256,538
f,maxine,233,305,538
m,neymar,294,244,538
m,emory,270,268,538
m,jerome,268,268,536
f,kyndall,288,247,535
m,henrik,266,269,535
f,harleigh,249,285,534
f,avalyn,273,260,533
f,mollie,272,261,533
f,sarahi,301,231,532
f,jaylin,288,244,532
f,emmalee,277,255,532
m,miller,271,261,532
m,coen,242,290,532
f,asia,301,229,530
f,alianna,267,263,530
f,kimora,282,247,529
f,ayana,256,273,529
m,kendall,300,229,529
m,rogelio,268,261,529
m,cristiano,266,263,529
m,misael,254,275,529
m,reginald,252,277,529
f,anniston,256,272,528
f,ramona,243,285,528
m,benton,253,275,528
f,sidney,268,258,526
f,antonia,261,264,525
f,saniyah,291,233,524
f,angeline,284,240,524
f,india,262,262,524
m,hugh,262,262,524
f,mattie,267,255,522
m,alexzander,283,239,522
m,leighton,261,261,522
f,amayah,250,271,521
m,alfonso,292,229,521
m,rene,276,245,521
m,rudy,260,261,521
m,alvaro,237,284,521
f,abrielle,260,260,520
f,akira,260,260,520
f,maren,230,290,520
m,marley,262,258,520
f,libby,269,250,519
m,blaise,283,236,519
m,markus,259,259,518
m,fox,195,323,518
f,kiley,305,212,517
m,brantlee,302,215,517
m,santana,255,262,517
f,natalee,280,236,516
m,heath,269,247,516
m,boone,222,293,515
f,raylee,261,253,514
f,jenny,279,234,513
f,aubrianna,269,244,513
f,alisa,257,256,513
f,amora,255,258,513
f,chandler,249,264,513
m,draven,263,250,513
m,darwin,254,259,513
m,thatcher,241,271,512
f,addalyn,255,256,511
m,dwayne,292,219,511
f,miley,263,247,510
m,vaughn,251,259,510
m,denver,242,268,510
f,kaelynn,288,221,509
f,alissa,286,223,509
f,janae,267,242,509
f,calliope,220,289,509
m,micheal,266,241,507
f,samiyah,252,254,506
f,ailani,206,300,506
m,adrien,261,245,506
f,janiya,269,236,505
f,cindy,249,256,505
f,treasure,243,262,505
m,van,271,234,505
f,taya,273,231,504
f,sonia,245,259,504
f,rosalyn,223,281,504
f,novalee,218,286,504
m,camron,263,241,504
m,zavier,260,244,504
m,lamar,275,228,503
m,emmet,261,242,503
f,audriana,247,255,502
f,blaire,215,287,502
m,javion,241,261,502
m,valentin,232,270,502
f,maylee,233,268,501
f,dalia,258,242,500
f,carlie,254,246,500
f,riya,228,272,500
f,charlize,275,224,499
f,diya,257,242,499
m,reuben,253,246,499
m,eliseo,236,263,499
m,jaziel,223,276,499
f,dani,259,239,498
f,etta,242,256,498
f,robin,260,237,497
f,everlee,240,257,497
f,renee,240,257,497
f,robyn,252,244,496
f,sylvie,214,282,496
m,braeden,293,203,496
m,gordon,278,218,496
m,keenan,227,269,496
f,giavanna,272,223,495
f,ireland,272,223,495
m,shiloh,245,250,495
m,alfred,232,263,495
f,yaritza,289,205,494
f,elina,248,246,494
m,cedric,261,233,494
m,jordy,253,241,494
m,rey,239,254,493
f,maddie,249,243,492
f,magdalena,234,258,492
m,konnor,263,229,492
m,justus,260,232,492
f,cambria,262,229,491
m,aaden,297,194,491
m,zaid,249,242,491
f,carina,246,244,490
f,mercedes,240,250,490
m,riaan,229,261,490
f,danika,265,224,489
f,diamond,262,226,488
f,davina,215,273,488
m,kenny,247,241,488
m,kalel,242,246,488
m,bodie,213,275,488
f,opal,231,256,487
m,cairo,221,266,487
f,jocelynn,269,217,486
f,ayanna,244,242,486
m,kolby,270,216,486
f,devyn,262,223,485
f,jurnee,229,256,485
m,jairo,251,234,485
f,temperance,250,232,482
f,spencer,238,244,482
f,abbigail,258,223,481
f,ayva,259,221,480
f,anais,256,224,480
f,sailor,237,242,479
f,mckayla,261,217,478
f,marlowe,221,256,477
f,xiomara,220,257,477
f,bexley,202,275,477
f,mylah,253,223,476
f,evalynn,247,229,476
f,tamia,246,230,476
f,rilynn,234,242,476
m,jessie,233,243,476
f,denise,270,205,475
m,ishaan,233,242,475
f,aliah,264,210,474
f,regan,261,213,474
f,alaysia,249,225,474
m,amare,267,207,474
m,javon,259,215,474
m,vivaan,251,223,474
m,terrell,247,227,474
f,rosalee,228,245,473
m,braiden,240,233,473
m,ephraim,229,244,473
f,neriah,287,185,472
f,cristina,233,239,472
f,kylah,227,245,472
f,whitley,222,250,472
m,ridge,226,246,472
m,huxley,215,257,472
m,craig,235,236,471
f,austyn,243,227,470
f,karleigh,235,235,470
m,giancarlo,265,205,470
m,mustafa,237,233,470
f,berkley,242,227,469
f,keily,228,240,468
m,judson,247,221,468
f,fallon,226,241,467
f,taryn,249,217,466
f,august,244,222,466
m,bode,263,203,466
m,urijah,251,215,466
m,turner,232,234,466
f,scout,235,230,465
f,micaela,223,242,465
f,violeta,220,245,465
f,samira,225,238,463
f,della,215,247,462
m,gauge,251,211,462
m,sutton,217,245,462
m,coleman,250,211,461
f,vivien,241,219,460
f,florence,214,246,460
f,elodie,216,243,459
m,brent,250,209,459
m,lyric,246,213,459
m,ulises,237,222,459
f,nalani,189,269,458
m,ignacio,231,227,458
f,kaidence,264,193,457
f,macey,246,211,457
f,promise,245,212,457
m,davian,255,202,457
m,darrell,224,233,457
m,yehuda,224,233,457
m,bridger,198,259,457
f,jenesis,222,234,456
f,loretta,217,239,456
m,dimitri,237,219,456
m,dario,234,222,456
m,brixton,209,247,456
f,londynn,246,209,455
f,araceli,247,207,454
f,aanya,240,214,454
f,egypt,200,254,454
m,jonathon,252,202,454
f,pyper,240,213,453
f,neveah,235,218,453
m,jabari,219,234,453
f,jubilee,229,223,452
f,bayleigh,244,206,450
f,natalya,225,225,450
m,dangelo,208,242,450
m,santos,235,214,449
m,marquis,229,220,449
f,ellery,255,193,448
f,campbell,224,224,448
f,sherlyn,222,226,448
f,kelsie,221,227,448
f,malayah,209,239,448
m,brysen,200,248,448
f,paisleigh,241,206,447
m,immanuel,238,209,447
m,dominique,236,211,447
m,musa,228,219,447
m,gibson,220,227,447
m,louie,214,233,447
f,dalilah,214,232,446
f,valery,205,241,446
m,salvatore,215,231,446
f,honesty,233,212,445
f,winnie,212,233,445
f,kamiyah,190,255,445
f,patience,241,203,444
f,tess,228,216,444
f,makena,225,219,444
m,brenden,241,203,444
m,rocky,229,215,444
f,krystal,225,218,443
m,alistair,196,247,443
f,shannon,249,193,442
f,kasey,237,205,442
f,adalee,225,217,442
f,margo,190,252,442
m,avi,223,219,442
m,kashton,221,221,442
f,meghan,240,201,441
f,adilyn,217,224,441
f,saanvi,234,206,440
f,selina,222,218,440
m,rolando,217,223,440
f,kaitlynn,270,169,439
f,carleigh,236,203,439
f,kamilah,217,222,439
m,dilan,240,199,439
m,brice,245,193,438
m,kymani,227,211,438
m,seamus,221,217,438
m,achilles,212,226,438
f,marian,234,202,436
f,adilene,221,215,436
f,gracyn,216,220,436
f,leela,204,231,435
f,raya,203,232,435
m,yahya,211,224,435
m,zyaire,190,245,435
f,addalynn,218,216,434
m,agustin,224,210,434
f,alora,206,227,433
m,tyrone,232,201,433
m,leroy,206,227,433
m,westley,199,234,433
m,howard,194,239,433
m,shepherd,174,259,433
f,luisa,224,208,432
f,sally,221,210,431
m,khalid,197,234,431
f,gwyneth,236,194,430
f,maisy,221,209,430
f,saoirse,159,271,430
f,kaleigh,249,180,429
f,aiyanna,192,237,429
f,octavia,174,255,429
m,steve,224,205,429
f,adela,226,202,428
f,drew,212,216,428
m,tristian,201,227,428
f,sunny,218,209,427
m,jericho,200,226,426
f,lesly,230,194,424
f,kataleya,218,206,424
f,baylor,215,209,424
m,ernest,216,208,424
f,brynleigh,217,206,423
f,beatrix,213,209,422
f,shea,189,233,422
m,camilo,217,205,422
m,gilbert,209,213,422
m,ramiro,198,224,422
m,jamarion,216,205,421
m,koda,194,227,421
f,elayna,201,219,420
m,rodolfo,227,193,420
m,yisroel,212,208,420
m,jair,198,222,420
f,ailyn,236,183,419
f,agnes,190,229,419
f,amiah,206,212,418
m,anton,214,204,418
f,theresa,210,207,417
f,karis,194,223,417
f,palmer,176,241,417
m,jadon,232,185,417
f,karma,214,202,416
f,selene,214,202,416
m,ira,198,218,416
f,bellamy,184,231,415
m,aydan,214,201,415
f,marlene,216,198,414
f,kamille,212,202,414
f,sanaa,199,215,414
m,harris,203,211,414
m,karim,179,235,414
f,emerald,194,219,413
f,legacy,163,250,413
m,jordyn,213,200,413
f,bree,220,192,412
f,kinzley,205,207,412
f,seraphina,203,209,412
f,maryjane,196,216,412
m,chevy,211,201,412
m,eason,175,237,412
f,katerina,217,194,411
f,milah,212,198,410
f,noel,208,202,410
f,viola,189,221,410
f,ila,213,196,409
f,stacy,205,204,409
f,charleston,254,154,408
f,katrina,218,190,408
f,cecily,214,194,408
f,raylynn,195,213,408
m,kamron,212,196,408
m,reagan,206,202,408
m,tadeo,187,221,408
f,addie,226,181,407
f,addelyn,214,193,407
f,preslee,201,206,407
m,keanu,197,210,407
m,ahmir,189,218,407
f,annelise,209,197,406
m,malaki,207,199,406
m,foster,195,211,406
f,kailynn,223,182,405
f,kaleah,215,190,405
f,ezra,208,197,405
f,shanaya,171,234,405
m,rashad,221,184,405
m,jovani,214,191,405
f,lillyana,208,196,404
f,jovie,194,210,404
m,juelz,207,197,404
m,frankie,205,199,404
m,briar,203,201,404
f,audrianna,215,188,403
f,malani,196,207,403
m,truman,211,192,403
m,ean,209,194,403
f,carley,234,168,402
f,charity,206,196,402
f,cassie,192,210,402
m,cristopher,215,187,402
m,aarush,211,191,402
m,simeon,203,199,402
m,brayson,188,214,402
f,emani,211,190,401
m,quintin,219,182,401
m,eliezer,198,203,401
f,coral,201,199,400
f,karmen,185,215,400
f,violette,203,196,399
m,davin,216,183,399
m,merrick,191,208,399
f,rita,189,209,398
f,malka,180,218,398
m,kylen,209,189,398
m,antoine,203,195,398
m,jaydon,203,195,398
m,leif,187,211,398
f,geneva,203,194,397
f,soraya,200,197,397
f,nellie,197,200,397
f,vivianna,197,200,397
m,kaeden,213,184,397
m,abner,199,198,397
f,aleigha,218,178,396
f,roslyn,181,215,396
m,tyree,203,193,396
m,krish,190,206,396
m,kamren,216,179,395
m,jamar,191,204,395
m,maddux,189,206,395
m,hakeem,160,235,395
f,bryn,216,178,394
f,larissa,216,178,394
f,deanna,209,185,394
f,brynley,204,190,394
f,elia,200,194,394
f,kaycee,193,201,394
f,celina,174,220,394
m,chace,225,169,394
m,todd,209,185,394
m,bishop,207,187,394
m,osvaldo,207,187,394
f,kourtney,233,160,393
f,lillyanna,212,181,393
f,ashtyn,199,194,393
f,nahla,195,198,393
f,rebeca,179,214,393
m,konner,183,210,393
f,tyler,202,190,392
f,rylynn,185,207,392
m,danilo,196,196,392
f,ivana,183,208,391
f,zoya,173,218,391
m,greysen,178,213,391
f,anayah,197,193,390
f,lorena,192,198,390
m,shmuel,199,191,390
m,lyle,183,207,390
m,yadiel,213,176,389
m,boden,210,179,389
m,semaj,199,190,389
m,wesson,185,204,389
f,abbie,212,176,388
m,jayvion,204,184,388
m,ralph,184,204,388
f,marlie,207,180,387
f,litzy,161,226,387
m,clinton,200,187,387
f,izabelle,217,169,386
f,dania,198,188,386
f,susanna,195,191,386
f,ashton,191,195,386
m,haiden,209,176,385
f,lianna,204,180,384
f,leena,196,188,384
m,harlem,201,183,384
m,mike,195,189,384
m,roderick,185,199,384
f,aliyana,194,189,383
f,meera,186,197,383
m,deangelo,211,172,383
m,deshawn,204,179,383
m,rayyan,198,185,383
m,randall,193,190,383
f,mika,199,183,382
f,christiana,191,191,382
f,jakayla,172,210,382
f,arlette,128,254,382
m,robin,213,169,382
m,kooper,200,182,382
f,giada,203,178,381
f,luella,176,205,381
m,deon,199,182,381
f,tia,214,166,380
f,kaley,199,181,380
m,ayan,204,176,380
m,braylin,195,185,380
f,annabeth,201,178,379
f,carsyn,167,212,379
m,isai,196,183,379
m,gino,187,192,379
m,decker,182,197,379
f,aubriana,219,159,378
f,delia,197,181,378
f,aida,184,194,378
f,denver,197,180,377
f,evelina,175,202,377
m,koen,199,178,377
m,jad,170,207,377
f,yara,199,177,376
m,darryl,192,184,376
m,jovanni,189,187,376
m,youssef,185,191,376
m,sidney,180,196,376
f,taraji,230,145,375
f,eisley,194,181,375
f,annette,176,199,375
m,triston,216,159,375
f,belinda,192,182,374
f,blessing,184,190,374
f,eleanora,156,218,374
m,camryn,188,186,374
m,imran,183,191,374
f,destinee,199,174,373
f,kyrie,178,195,373
m,teagan,199,174,373
m,jeremias,169,204,373
f,haleigh,200,172,372
f,leilah,196,176,372
f,arleth,116,256,372
m,menachem,180,192,372
m,isiah,178,194,372
f,rowyn,156,215,371
m,mikael,157,214,371
f,annaliese,178,192,370
f,persephone,176,194,370
f,kaylen,209,160,369
f,gisselle,185,184,369
f,aarya,180,189,369
m,darien,188,181,369
f,brisa,192,176,368
f,flora,176,192,368
f,kehlani,48,320,368
m,makhi,193,175,368
m,aidyn,176,192,368
f,maritza,208,159,367
f,betty,191,176,367
f,mayra,189,178,367
f,saniya,176,191,367
m,gilberto,189,178,367
m,elvis,180,187,367
f,audra,192,174,366
f,kinleigh,183,183,366
m,camren,204,162,366
m,zamir,192,174,366
f,marcella,170,195,365
m,gus,163,202,365
f,jacquelyn,208,156,364
f,kinlee,207,157,364
f,miyah,195,169,364
f,tianna,190,174,364
f,skylynn,188,176,364
f,roxanne,179,185,364
f,annaleigh,178,186,364
f,leilany,175,189,364
f,oaklee,157,207,364
m,jaxx,179,185,364
f,caydence,201,162,363
f,yesenia,181,182,363
f,asha,180,183,363
f,sofie,172,191,363
m,yaakov,207,156,363
m,taj,200,163,363
m,garrison,193,170,363
m,edmund,173,190,363
f,janice,198,164,362
f,carson,178,184,362
f,colbie,175,187,362
f,yuliana,163,199,362
f,kya,159,203,362
m,denzel,187,175,362
m,mccoy,191,170,361
m,rylen,185,176,361
m,alaric,182,179,361
f,rubi,177,183,360
m,freddy,206,154,360
m,lian,165,195,360
m,karsen,184,175,359
m,yael,178,181,359
f,alex,185,173,358
m,efrain,188,170,358
m,jaxxon,173,185,358
f,kalia,208,149,357
f,vayda,175,182,357
f,finnley,173,184,357
m,jonael,232,125,357
m,jesiah,173,184,357
f,karissa,194,162,356
f,jazmyn,175,181,356
f,zayla,170,186,356
m,derick,189,167,356
m,joan,169,187,356
f,harriet,181,174,355
f,kacey,179,176,355
f,rihanna,178,177,355
m,colson,170,185,355
f,kaylyn,191,163,354
f,malak,181,173,354
f,reece,179,175,354
f,khadija,177,177,354
f,journi,161,193,354
m,zayd,185,169,354
f,lilyann,179,174,353
f,darcy,167,186,353
m,cortez,191,162,353
f,clover,180,172,352
f,karly,176,176,352
f,indie,146,206,352
m,jaycob,186,166,352
m,mordechai,173,179,352
m,finnian,166,186,352
f,brinlee,176,175,351
f,keila,169,182,351
f,amaia,162,189,351
f,ida,159,192,351
m,karl,184,167,351
m,carsen,164,187,351
f,calista,171,179,350
f,yazmin,171,179,350
m,mac,177,173,350
m,wallace,154,196,350
f,shirley,181,168,349
f,skylah,171,178,349
f,kamari,156,193,349
m,ross,158,191,349
f,britney,190,158,348
f,pamela,166,182,348
m,tristin,185,163,348
m,dale,177,171,348
m,korbyn,170,178,348
f,anneliese,195,152,347
f,nyomi,187,160,347
f,maite,180,167,347
f,salem,162,184,346
f,rachael,183,162,345
f,queen,148,197,345
f,waverly,121,224,345
m,demarcus,181,164,345
m,vladimir,167,178,345
f,isabell,185,159,344
m,cormac,175,169,344
m,slade,157,187,344
f,haylie,186,157,343
f,araya,173,170,343
f,kinsey,173,170,343
m,yaseen,176,167,343
f,katarina,175,167,342
f,shay,172,170,342
m,kaiser,140,202,342
m,kenton,182,159,341
m,pierre,169,172,341
m,kabir,163,178,341
f,ananya,173,167,340
f,emi,167,173,340
m,izayah,173,167,340
m,stephan,166,174,340
m,benicio,132,208,340
f,ali,188,151,339
f,brayleigh,174,165,339
f,jacey,171,168,339
m,shimon,166,173,339
f,silvia,169,169,338
m,gerard,179,159,338
m,aston,178,160,338
m,rylee,173,165,338
m,shlomo,173,165,338
f,kendyl,181,156,337
f,emiliana,174,163,337
f,mireya,153,184,337
m,brenton,170,167,337
m,zack,151,186,337
f,caleigh,193,143,336
f,jazelle,169,167,336
f,yaretzy,164,172,336
f,mariella,162,174,336
m,gatlin,187,149,336
m,glenn,165,171,336
m,lucien,161,175,336
m,jean,154,182,336
f,milagros,186,149,335
f,kayleen,177,158,335
f,toni,177,158,335
f,grecia,171,164,335
f,priya,171,164,335
f,elinor,165,170,335
f,keziah,163,172,335
f,nadine,162,173,335
m,branden,185,150,335
m,clarence,180,155,335
m,kyren,154,181,335
f,kendal,193,141,334
f,karli,186,148,334
m,octavio,186,148,334
m,eliot,175,159,334
m,deegan,172,162,334
m,lathan,164,170,334
m,creed,128,206,334
f,laniyah,189,144,333
f,bentley,184,149,333
f,jaleah,175,158,333
f,elissa,167,166,333
f,layan,159,174,333
m,kennedy,163,170,333
m,stone,156,177,333
f,linnea,177,155,332
f,petra,176,156,332
f,kynslee,153,179,332
m,tyrell,171,161,332
m,sami,168,164,332
f,vida,187,144,331
f,audree,173,158,331
f,andie,166,165,331
f,gretchen,162,169,331
f,dariana,160,171,331
m,jakobe,158,173,331
f,lucinda,143,187,330
f,irie,182,147,329
f,tamara,179,150,329
m,aedan,167,162,329
m,maxx,165,164,329
m,aries,154,175,329
m,zyon,147,182,329
m,bastian,143,186,329
f,farah,172,156,328
f,ayesha,151,177,328
m,ismail,158,170,328
m,zahir,153,175,328
f,janie,170,157,327
f,tesla,166,161,327
f,zahara,163,164,327
m,nick,152,175,327
f,grayson,169,157,326
m,norman,146,180,326
f,evangelina,155,170,325
m,german,155,170,325
f,emalyn,176,148,324
m,ulysses,181,143,324
m,carlo,143,181,324
f,jazzlyn,168,155,323
m,kalvin,167,156,323
m,jaylon,166,157,323
m,trystan,162,161,323
m,adler,154,169,323
f,cheyanne,162,160,322
f,raleigh,154,168,322
m,eamon,141,181,322
f,nya,188,133,321
f,jaylyn,164,157,321
f,lincoln,158,163,321
f,kamiya,146,175,321
f,areli,168,152,320
f,yasmine,157,163,320
f,marin,155,165,320
f,blythe,152,168,320
m,ledger,159,161,320
m,kent,156,164,320
m,bear,134,186,320
f,alanah,162,157,319
f,freyja,139,180,319
m,dashiell,174,145,319
f,estefania,195,123,318
f,kenleigh,166,152,318
f,aadya,159,159,318
f,beverly,153,165,318
f,anita,147,171,318
m,bilal,151,167,318
f,samiya,179,138,317
f,dior,160,157,317
f,dina,158,159,317
f,ashanti,156,161,317
f,elly,154,163,317
m,nigel,173,144,317
m,syed,160,157,317
m,zev,160,157,317
f,guinevere,176,140,316
f,nailah,159,157,316
f,janet,154,162,316
m,aditya,159,157,316
m,ansel,158,158,316
m,dhruv,157,159,316
m,smith,154,162,316
m,beck,148,168,316
f,kyndal,176,139,315
f,arlene,170,145,315
f,delanie,165,150,315
f,sanai,154,161,315
f,kenzi,152,163,315
f,ayah,148,167,315
m,reynaldo,171,144,315
f,dayanna,165,149,314
f,damaris,162,152,314
f,maribel,162,152,314
f,rayleigh,156,158,314
f,zola,129,185,314
m,aayden,179,135,314
m,damion,150,164,314
m,aayan,144,170,314
m,campbell,138,176,314
f,nyah,169,144,313
f,lucie,158,155,313
m,bernard,150,163,313
m,idris,138,175,313
f,jamiyah,156,156,312
f,sapphire,147,165,312
f,emberly,118,194,312
m,jaylin,170,142,312
m,koa,162,150,312
m,broderick,158,154,312
m,elmer,149,163,312
f,karley,178,133,311
f,kalea,149,162,311
f,keilani,143,168,311
m,johnathon,169,142,311
m,murphy,149,162,311
f,melinda,172,138,310
f,haddie,162,148,310
f,quincy,147,163,310
f,prisha,141,169,310
m,corbyn,171,139,310
m,yair,160,150,310
m,barry,141,169,310
m,forest,134,176,310
f,nayla,158,151,309
f,zella,156,153,309
f,imogen,141,168,309
f,darla,127,182,309
m,deklan,164,145,309
m,marcello,155,154,309
m,cian,154,155,309
m,kaidyn,154,155,309
f,shreya,168,140,308
f,tallulah,158,150,308
f,hillary,137,171,308
f,rowen,131,177,308
m,giovanny,169,139,308
m,cristobal,164,144,308
m,kyan,153,155,308
m,raheem,152,156,308
m,andreas,143,165,308
m,malakhi,132,176,308
f,isadora,171,136,307
f,anabel,164,143,307
f,ariela,158,149,307
f,tania,154,153,307
f,marion,149,158,307
f,jaylen,147,160,307
f,rosalind,146,161,307
f,halo,128,179,307
f,capri,171,135,306
f,jaclyn,158,148,306
f,naima,155,151,306
f,analise,154,152,306
f,harlie,150,156,306
m,addison,153,153,306
m,armaan,145,161,306
f,hayleigh,181,124,305
f,winifred,159,146,305
f,ema,155,150,305
m,ruger,138,167,305
f,judy,159,145,304
f,lidia,154,150,304
f,avalon,151,153,304
f,kaci,139,165,304
f,lenora,131,173,304
m,cornelius,153,151,304
m,viktor,145,159,304
m,tayden,144,160,304
m,shepard,115,189,304
f,mayah,173,130,303
f,carli,146,157,303
m,gonzalo,168,135,303
m,benedict,152,151,303
m,johann,137,166,303
m,aksel,127,176,303
m,kain,124,179,303
f,sarina,176,126,302
f,abbey,163,139,302
f,darlene,159,143,302
f,leticia,154,148,302
f,nariah,154,148,302
f,calla,140,162,302
f,zora,139,163,302
f,nori,134,168,302
f,laken,133,169,302
m,milton,153,149,302
m,wes,143,159,302
f,carmella,153,148,301
f,kaila,140,161,301
m,gavyn,171,130,301
m,daryl,160,141,301
m,maksim,158,143,301
m,meir,152,149,301
m,neal,151,150,301
f,yoselin,151,149,300
f,zadie,131,169,300
f,alessa,130,170,300
f,ariadna,128,172,300
m,hollis,176,124,300
m,jovan,162,138,300
m,jorden,155,145,300
m,darnell,150,150,300
m,cal,144,156,300
f,bernadette,154,145,299
m,corban,164,135,299
m,keller,159,140,299
m,jayse,158,141,299
f,leigha,162,136,298
f,chevelle,134,164,298
m,damarion,169,129,298
m,marcellus,145,153,298
f,sonya,164,133,297
f,kynleigh,154,143,297
f,maura,154,143,297
f,noelia,136,161,297
m,tiago,159,138,297
f,izzabella,166,130,296
f,jael,151,145,296
f,lizeth,139,157,296
f,eleni,134,162,296
m,mariano,163,133,296
m,nikko,154,142,296
m,adiel,130,166,296
m,cillian,121,175,296
f,shaylee,170,125,295
f,aarna,147,148,295
f,elana,147,148,295
f,eunice,145,150,295
f,kamilla,143,152,295
m,brendon,171,124,295
m,amar,157,138,295
m,yitzchok,151,144,295
m,jet,148,147,295
f,lakyn,151,143,294
f,lela,146,148,294
f,constance,144,150,294
f,camden,138,156,294
m,jarrett,165,129,294
m,lucius,136,158,294
f,aniston,153,140,293
f,adalie,150,143,293
f,aila,140,153,293
m,viaan,150,143,293
m,alton,146,147,293
f,essence,157,135,292
f,gisele,139,153,292
m,thorin,156,136,292
m,guy,153,139,292
m,mikel,148,144,292
m,abdulrahman,138,154,292
m,torin,137,155,292
m,kilian,132,160,292
m,gian,151,140,291
m,masen,145,146,291
m,vince,141,150,291
m,jakari,136,155,291
m,jenson,133,158,291
f,carissa,164,126,290
f,dominique,136,154,290
m,linus,162,128,290
m,karsyn,156,134,290
m,brogan,155,135,290
m,lev,137,153,290
m,onyx,118,172,290
f,cailyn,175,114,289
f,gwenyth,146,143,289
m,lyndon,155,134,289
m,quinten,140,149,289
m,jarvis,133,156,289
m,boaz,132,157,289
f,vivianne,149,139,288
m,ronaldo,160,128,288
m,aleksander,144,144,288
m,caius,138,150,288
m,adolfo,155,132,287
m,jai,148,139,287
m,daylen,138,149,287
f,kenlee,153,133,286
f,letty,128,158,286
m,lenny,164,122,286
m,salem,139,147,286
f,pepper,149,136,285
f,iyanna,142,143,285
f,kathy,126,159,285
f,rae,95,190,285
m,noble,145,140,285
m,salman,143,142,285
m,amarion,141,144,285
m,yoel,134,151,285
f,hailie,159,125,284
f,emeri,148,136,284
f,charlene,146,138,284
f,ayvah,144,140,284
f,estefany,143,141,284
f,amilia,139,145,284
f,adalina,131,153,284
f,amethyst,125,159,284
m,kallen,146,138,284
m,ander,132,152,284
m,kaine,125,159,284
f,emme,159,124,283
f,arianny,143,140,283
f,reya,107,176,283
m,donte,154,129,283
m,clifford,146,137,283
m,kyng,100,183,283
f,emmerson,154,128,282
f,renesmee,128,154,282
f,siya,119,163,282
m,davon,162,120,282
m,kyron,151,131,282
m,josias,147,135,282
f,suri,150,131,281
f,malina,144,137,281
f,nicolette,127,154,281
m,carver,141,140,281
m,gray,141,140,281
m,keon,135,146,281
m,niam,126,155,281
f,rosalina,141,139,280
f,peighton,140,140,280
f,kinsleigh,137,143,280
m,dion,139,141,280
m,atreyu,133,147,280
m,ramsey,130,150,280
f,kiersten,167,112,279
f,alba,157,122,279
f,aracely,151,128,279
f,akshara,133,146,279
f,hensley,115,164,279
f,aveline,100,179,279
m,carmine,150,129,279
m,ishmael,148,131,279
m,ever,146,133,279
m,link,134,145,279
m,nova,129,150,279
f,tina,157,121,278
f,yaneli,150,128,278
f,symphony,143,135,278
f,zaynab,133,145,278
f,harlyn,76,202,278
f,lyanna,62,216,278
m,jordi,158,120,278
m,archie,146,132,278
m,coy,137,141,278
m,aven,134,144,278
m,reign,120,158,278
f,jersey,145,132,277
f,mariela,141,136,277
f,lillyann,133,144,277
f,aspyn,132,145,277
f,martina,130,147,277
m,aubrey,147,130,277
m,pierson,134,143,277
f,arantza,173,103,276
f,annabell,161,115,276
f,donna,159,117,276
f,marceline,128,148,276
m,rian,123,153,276
m,khari,107,169,276
f,azul,162,113,275
f,aislynn,159,116,275
f,jaslyn,131,144,275
f,margaux,118,157,275
m,kale,175,100,275
m,aamir,143,132,275
m,diesel,140,135,275
m,leeland,132,143,275
f,bridgette,145,129,274
f,katy,142,132,274
f,jailyn,141,133,274
f,avani,134,140,274
f,lori,133,141,274
m,fredrick,149,125,274
m,humberto,145,129,274
m,destin,143,131,274
m,caysen,123,151,274
f,lacy,156,117,273
f,kamora,141,132,273
f,hartley,132,141,273
m,colter,142,131,273
m,ewan,139,134,273
m,avraham,137,136,273
m,hasan,125,148,273
m,kylo,35,238,273
f,zia,130,142,272
f,marielle,115,157,272
m,pranav,133,139,272
f,anjali,149,122,271
f,denisse,148,123,271
f,rosalia,139,132,271
f,cambree,137,134,271
f,adina,135,136,271
f,kaisley,121,150,271
f,coralie,104,167,271
m,mikhail,143,128,271
m,nikola,141,130,271
m,jacobi,134,137,271
f,shyla,158,112,270
f,harmonie,136,134,270
f,tahlia,132,138,270
f,kirsten,120,150,270
f,zaya,89,181,270
m,sheldon,139,131,270
m,palmer,137,133,270
f,austin,153,116,269
f,dalila,132,137,269
f,cielo,116,153,269
m,brighton,148,121,269
m,monroe,141,128,269
m,oskar,110,159,269
f,noah,137,131,268
f,everley,132,136,268
f,geraldine,130,138,268
f,navy,116,152,268
m,maddix,135,133,268
m,jael,128,140,268
f,jaqueline,140,127,267
f,ziva,140,127,267
f,ruthie,133,134,267
f,journie,127,140,267
m,rishi,134,133,267
m,baron,133,134,267
m,bernardo,131,136,267
m,aaryan,125,142,267
f,stephany,155,111,266
f,chasity,152,114,266
f,abriella,139,127,266
f,claira,137,129,266
f,emry,135,131,266
f,melani,120,146,266
m,zaylen,134,132,266
m,cashton,131,135,266
m,gianluca,100,166,266
f,miabella,126,139,265
f,carrie,125,140,265
f,lorraine,122,143,265
m,kruz,144,121,265
m,brennen,141,124,265
m,ammar,135,130,265
m,francesco,131,134,265
f,amariah,127,137,264
f,emmarie,118,146,264
m,tzvi,138,126,264
m,remi,90,174,264
f,anyla,124,139,263
f,yuna,121,142,263
f,teegan,119,144,263
m,emir,146,117,263
m,haven,138,125,263
m,rome,121,142,263
m,caspian,105,158,263
f,annistyn,130,132,262
f,georgina,129,133,262
f,cambrie,123,139,262
m,tahj,137,125,262
m,eliyahu,133,129,262
m,rowdy,133,129,262
m,yeshua,115,147,262
f,may,130,131,261
f,montana,126,135,261
f,zaina,110,151,261
m,tevin,128,133,261
m,kace,101,160,261
f,cleo,118,142,260
f,edie,115,145,260
m,wiley,134,126,260
f,abbygail,149,110,259
f,yvette,148,111,259
f,amyra,145,114,259
f,lacie,139,120,259
f,heidy,134,125,259
f,margarita,125,134,259
f,rhiannon,119,140,259
m,perry,139,120,259
m,siddharth,130,129,259
m,eleazar,128,131,259
m,zephaniah,119,140,259
f,taliah,141,117,258
f,yarely,132,126,258
f,yamilet,124,134,258
f,gitty,120,138,258
f,novah,110,148,258
m,eder,142,116,258
m,johnpaul,136,122,258
m,hussein,135,123,258
f,aaleyah,153,104,257
f,karoline,133,124,257
f,kayley,132,125,257
f,sia,131,126,257
f,althea,130,127,257
f,isha,125,132,257
f,ivey,116,141,257
f,oakleigh,114,143,257
m,bently,140,117,257
m,gaige,134,123,257
m,eddy,118,139,257
f,cosette,139,117,256
f,arabelle,132,124,256
f,raeleigh,127,129,256
f,julietta,126,130,256
f,liah,119,137,256
m,devonte,127,129,256
m,axle,124,132,256
f,kaitlin,177,78,255
f,jude,138,117,255
f,shania,129,126,255
m,jaydan,125,130,255
m,westyn,123,132,255
m,pharaoh,117,138,255
m,kiaan,87,168,255
f,maiya,145,109,254
f,adaleigh,126,128,254
f,keren,121,133,254
f,magdalene,115,139,254
m,graeme,137,117,254
m,xavi,132,122,254
m,dereck,129,125,254
m,sammy,126,128,254
m,everest,111,143,254
f,avril,129,124,253
f,camdyn,125,128,253
f,artemis,104,149,253
m,avion,128,125,253
m,veer,111,142,253
f,unique,137,115,252
f,makiyah,136,116,252
f,amal,117,135,252
f,kinzlee,116,136,252
m,zephyr,128,124,252
m,laith,127,125,252
m,hans,121,131,252
m,dov,117,135,252
m,akeem,115,137,252
f,kacie,141,110,251
f,serafina,134,117,251
f,cattleya,132,119,251
m,emil,127,124,251
m,devan,121,130,251
m,mikah,120,131,251
m,anas,100,151,251
f,rosalynn,135,115,250
f,taelyn,135,115,250
f,stormy,125,125,250
f,alyse,124,126,250
f,kenzlee,123,127,250
f,rileigh,123,127,250
f,kalina,113,137,250
f,soleil,113,137,250
m,elam,143,107,250
m,presley,129,121,250
m,kanon,126,124,250
m,lazarus,117,133,250
f,jiselle,135,114,249
f,sana,128,121,249
f,rilee,122,127,249
f,rhylee,121,128,249
f,tala,117,132,249
m,abdul,122,127,249
m,bjorn,99,150,249
m,kaisen,98,151,249
f,korra,143,105,248
f,wilhelmina,134,114,248
f,rosemarie,133,115,248
f,ryder,133,115,248
f,moira,131,117,248
f,sanaya,113,135,248
m,jionni,149,99,248
m,kael,130,118,248
f,carol,118,129,247
f,mazie,117,130,247
f,lucero,115,132,247
f,joey,95,152,247
m,alek,134,113,247
m,jaceon,133,114,247
m,tobin,129,118,247
m,jakai,128,119,247
m,oren,128,119,247
m,eliel,121,126,247
m,zavion,112,135,247
f,asiya,113,133,246
m,marquise,136,110,246
m,demari,124,122,246
m,kenji,122,124,246
m,jethro,112,134,246
f,presleigh,139,106,245
f,saphira,130,115,245
f,alyanna,123,122,245
f,samia,119,126,245
f,laylani,109,136,245
m,sebastien,128,117,245
m,jaxsen,127,118,245
f,melia,127,117,244
f,khalia,125,119,244
f,salome,124,120,244
f,josslyn,119,125,244
f,leanne,116,128,244
f,candice,111,133,244
m,dezmond,126,118,244
m,jeremih,123,121,244
m,benaiah,121,123,244
m,hagen,116,128,244
m,canyon,114,130,244
f,avarie,129,114,243
f,keegan,129,114,243
f,kingsley,118,125,243
f,arwen,115,128,243
f,chiara,111,132,243
f,khadijah,107,136,243
f,beatriz,105,138,243
m,elvin,127,116,243
m,coby,124,119,243
m,kurt,121,122,243
m,zeus,116,127,243
m,arham,113,130,243
m,zakai,103,140,243
f,zaira,140,102,242
f,elisha,120,122,242
f,hudson,115,127,242
f,jolee,105,137,242
m,cordell,129,113,242
m,deion,123,119,242
m,emmit,121,121,242
m,cedar,110,132,242
m,baker,86,156,242
f,shyanne,140,101,241
f,yvonne,119,122,241
f,ameera,115,126,241
f,maelynn,110,131,241
m,watson,122,119,241
m,ramses,114,127,241
f,jaya,131,109,240
f,amyah,127,113,240
f,karolina,125,115,240
f,liza,125,115,240
f,samaya,117,123,240
f,klara,113,127,240
m,rico,121,119,240
m,truett,112,128,240
f,oona,130,109,239
f,izabel,126,113,239
f,skylee,125,114,239
m,yandel,125,114,239
m,benny,118,121,239
m,kolt,117,122,239
m,clint,116,123,239
m,irving,100,139,239
f,alanis,140,98,238
f,aubreigh,126,112,238
f,savanah,123,115,238
f,indigo,120,118,238
m,keelan,133,105,238
m,tylan,124,114,238
m,kelton,119,119,238
m,ash,99,139,238
f,maliya,129,108,237
f,baila,124,113,237
f,sheila,124,113,237
f,susana,124,113,237
f,eryn,123,114,237
f,emoni,122,115,237
f,zinnia,120,117,237
f,blanca,116,121,237
m,cael,145,92,237
m,earl,128,109,237
m,jacen,115,122,237
m,elan,114,123,237
f,annamarie,132,104,236
f,precious,130,106,236
f,jianna,118,118,236
f,zarah,118,118,236
f,loyalty,99,137,236
m,umar,118,118,236
f,adyson,129,106,235
f,sahana,120,115,235
f,merritt,81,154,235
m,zakaria,128,107,235
m,antony,125,110,235
m,lamont,120,115,235
m,bronx,111,124,235
m,khai,111,124,235
m,kyran,108,127,235
m,rio,103,132,235
f,zaniya,134,100,234
f,roxana,127,107,234
f,amberly,117,117,234
f,faigy,109,125,234
f,aryah,105,129,234
f,kyah,105,129,234
f,roselynn,105,129,234
m,azael,122,112,234
m,lonnie,122,112,234
m,leyton,117,117,234
m,nazir,105,129,234
m,steele,100,134,234
f,kierra,138,95,233
f,inara,130,103,233
f,anaiah,125,108,233
f,kenzley,116,117,233
f,cori,115,118,233
f,emberlynn,106,127,233
f,aditi,104,129,233
m,zaden,122,111,233
m,giuseppe,112,121,233
m,phineas,94,139,233
m,kairo,81,152,233
f,cooper,110,122,232
f,hollis,106,126,232
m,jahmir,132,100,232
m,jayven,129,103,232
m,syncere,116,116,232
m,banks,106,126,232
m,eliam,94,138,232
f,abrianna,128,103,231
f,betsy,125,106,231
f,elliette,122,109,231
f,niya,120,111,231
m,cale,140,91,231
m,nestor,125,106,231
m,hoyt,124,107,231
m,chaz,119,112,231
m,tyrese,114,117,231
m,osiris,100,131,231
f,shayna,121,109,230
f,tayla,121,109,230
f,santana,119,111,230
f,ashly,113,117,230
f,darby,110,120,230
f,marcela,103,127,230
m,marshawn,128,102,230
m,josh,122,108,230
m,braxtyn,119,111,230
m,yasir,116,114,230
m,dakari,114,116,230
m,wolfgang,113,117,230
f,zuleyka,126,103,229
f,yael,105,124,229
f,yusra,105,124,229
m,donnie,118,111,229
m,arnav,103,126,229
f,nechama,118,110,228
f,carmela,112,116,228
f,journei,110,118,228
f,mariajose,105,123,228
m,kiyan,126,102,228
m,kiran,124,104,228
m,isaak,122,106,228
m,ishan,114,114,228
m,duane,113,115,228
m,geovanni,112,116,228
m,korben,110,118,228
m,azriel,103,125,228
m,elon,91,137,228
f,shae,128,99,227
f,deja,125,102,227
f,abygail,111,116,227
f,lois,109,118,227
f,majesty,91,136,227
m,dovid,124,103,227
m,carsyn,108,119,227
m,dev,106,121,227
m,ender,98,129,227
f,desirae,131,95,226
f,brigitte,130,96,226
f,justyce,116,110,226
f,aleyna,112,114,226
f,iyla,112,114,226
f,navya,111,115,226
f,kamdyn,108,118,226
f,layna,108,118,226
f,mona,107,119,226
f,dream,98,128,226
m,chayce,108,118,226
f,christian,124,101,225
f,honor,123,102,225
f,nelly,121,104,225
f,gillian,120,105,225
f,mileena,116,109,225
f,paizley,115,110,225
f,katia,109,116,225
f,laikyn,101,124,225
f,ripley,97,128,225
m,massimo,126,99,225
m,abdirahman,117,108,225
f,nikki,133,91,224
f,jamya,122,102,224
f,elouise,116,108,224
f,nichole,112,112,224
f,berkeley,108,116,224
f,jamila,106,118,224
f,juana,105,119,224
m,zakariya,117,107,224
m,isa,110,114,224
m,rigoberto,109,115,224
m,matheo,108,116,224
m,mathis,85,139,224
f,reem,119,104,223
f,georgiana,118,105,223
f,maryann,116,107,223
f,jaina,112,111,223
f,mariel,112,111,223
f,violetta,109,114,223
f,annalisa,108,115,223
f,fatimah,107,116,223
f,oriana,103,120,223
f,iva,98,125,223
m,ollie,122,101,223
m,krew,113,110,223
m,levon,109,114,223
m,floyd,107,116,223
f,kaylah,127,95,222
f,daria,125,97,222
f,chelsey,122,100,222
f,sahara,120,102,222
f,ariyanna,118,104,222
f,aviva,117,105,222
f,jalayah,117,105,222
f,nila,117,105,222
f,gentry,112,110,222
f,ester,111,111,222
f,ira,97,125,222
m,jaeden,123,99,222
m,jamel,119,103,222
m,noam,119,103,222
m,kaius,108,114,222
m,henri,103,119,222
f,laci,131,90,221
f,krista,125,96,221
f,graciela,114,107,221
f,rhyan,102,119,221
f,isobel,92,129,221
f,melania,90,131,221
m,antwan,112,109,221
m,ezrah,96,125,221
m,micaiah,96,125,221
m,zayvion,96,125,221
f,chyna,121,99,220
f,raniyah,117,103,220
f,aiza,116,104,220
f,abigale,114,106,220
f,jaylani,114,106,220
f,tiara,112,108,220
f,loren,108,112,220
f,stacey,101,119,220
f,gracen,95,125,220
m,dillan,118,102,220
m,ansh,111,109,220
m,jahlil,109,111,220
m,damir,103,117,220
m,brigham,101,119,220
f,cayla,120,99,219
m,don,115,104,219
m,irvin,112,107,219
m,courtney,111,108,219
m,kelly,103,116,219
f,ariyana,130,88,218
f,janiah,120,98,218
f,braylynn,107,111,218
f,analeah,100,118,218
m,yakov,112,106,218
m,bailey,109,109,218
m,lloyd,108,110,218
m,stephon,107,111,218
m,montgomery,103,115,218
m,trevon,103,115,218
m,tariq,94,124,218
f,rori,114,103,217
f,emberlyn,106,111,217
f,valencia,105,112,217
f,elyssa,104,113,217
m,marek,111,106,217
m,monte,108,109,217
m,jones,106,111,217
m,niklaus,100,117,217
m,beaux,98,119,217
m,advik,93,124,217
f,alyna,121,95,216
f,channing,119,97,216
f,melodie,119,97,216
f,joslynn,118,98,216
f,colleen,114,102,216
f,kianna,110,106,216
f,johana,106,110,216
f,avia,103,113,216
f,jaycie,102,114,216
f,sterling,84,132,216
f,oaklyn,55,161,216
m,nikhil,124,92,216
m,yasin,103,113,216
m,amias,100,116,216
f,jadyn,109,106,215
f,lula,99,116,215
f,brynnlee,92,123,215
f,amarah,91,124,215
f,kamya,82,133,215
m,keyon,111,104,215
m,evander,99,116,215
m,denim,98,117,215
f,karmyn,121,93,214
f,makenzi,117,97,214
f,jessalyn,114,100,214
f,shoshana,112,102,214
f,devin,110,104,214
f,adalynne,107,107,214
f,sumaya,105,109,214
f,kennadi,102,112,214
m,gionni,126,88,214
m,austen,120,94,214
m,cecil,114,100,214
m,amauri,111,103,214
m,arrow,95,119,214
f,ariane,129,84,213
f,taniyah,118,95,213
f,brea,114,99,213
f,echo,113,100,213
f,tanvi,110,103,213
f,gina,101,112,213
f,harleen,96,117,213
m,kylar,102,111,213
f,yasmeen,119,93,212
f,brookelynn,116,96,212
f,xitlali,114,98,212
f,lynlee,107,105,212
f,rochel,103,109,212
f,hafsa,102,110,212
f,adalind,89,123,212
f,emrie,89,123,212
f,murphy,88,124,212
m,demarion,123,89,212
m,jessiah,115,97,212
m,ely,109,103,212
m,fynn,107,105,212
m,khaled,99,113,212
m,atharv,91,121,212
m,wells,89,123,212
f,payten,118,93,211
f,laniya,116,95,211
f,kari,114,97,211
f,kaliah,106,105,211
f,mackenna,104,107,211
f,marianne,100,111,211
f,angely,99,112,211
f,joan,99,112,211
f,inaya,97,114,211
m,shamar,120,91,211
m,wilmer,103,108,211
m,vernon,102,109,211
m,jaidyn,98,113,211
m,hyrum,96,115,211
f,viktoria,113,97,210
f,love,110,100,210
f,iman,104,106,210
f,lettie,104,106,210
f,avigail,98,112,210
f,jiya,95,115,210
f,kamiah,85,125,210
m,britton,106,104,210
m,ransom,103,107,210
m,jaquan,101,109,210
m,jariel,98,112,210
m,ryden,98,112,210
m,aurelio,96,114,210
f,dora,101,108,209
f,eiza,90,119,209
f,maddox,90,119,209
m,arman,105,104,209
m,mattias,103,106,209
m,klayton,101,108,209
f,jordin,122,86,208
f,yulissa,122,86,208
f,kloe,118,90,208
f,brittney,110,98,208
f,leen,99,109,208
m,bryer,120,88,208
m,faris,117,91,208
m,devyn,107,101,208
m,morris,105,103,208
m,austyn,103,105,208
m,kyzer,100,108,208
f,zayda,107,100,207
f,annmarie,106,101,207
f,annalynn,103,104,207
f,malky,95,112,207
f,citlali,93,114,207
m,savion,114,93,207
m,koby,109,98,207
m,ilan,101,106,207
m,fred,100,107,207
m,macklin,89,118,207
f,vaida,111,95,206
f,khloee,109,97,206
f,yolanda,107,99,206
f,safa,104,102,206
m,hiram,116,90,206
m,loki,114,92,206
m,dashawn,112,94,206
m,grayden,110,96,206
m,zaine,104,102,206
m,gareth,102,104,206
m,myron,102,104,206
m,zaidyn,101,105,206
f,dianna,115,90,205
f,marisa,108,97,205
f,taelynn,107,98,205
f,inaaya,86,119,205
m,izaac,128,77,205
m,ajay,118,87,205
m,thor,118,87,205
m,kadyn,115,90,205
m,alexandre,111,94,205
m,yousif,110,95,205
m,jaron,107,98,205
m,yariel,104,101,205
m,finnick,56,149,205
f,taylin,121,83,204
f,taytum,116,88,204
f,aleeah,107,97,204
f,maycee,105,99,204
f,xena,93,111,204
m,deven,108,96,204
m,kyrin,106,98,204
m,marcelino,106,98,204
m,mauro,100,104,204
m,linkin,91,113,204
f,jackeline,132,71,203
f,jamiya,120,83,203
f,anisa,116,87,203
f,armoni,110,93,203
f,emelyn,107,96,203
f,italia,106,97,203
f,brighton,103,100,203
f,justine,102,101,203
f,josselyn,100,103,203
f,chava,95,108,203
f,arizona,88,115,203
m,bradyn,122,81,203
m,rishaan,110,93,203
m,lester,101,102,203
f,aoife,98,104,202
f,lailani,95,107,202
f,josephina,88,114,202
f,doris,85,117,202
f,millicent,83,119,202
m,zackery,122,80,202
m,markel,110,92,202
f,ashleigh,113,88,201
f,naila,96,105,201
f,teigan,87,114,201
f,haidyn,86,115,201
m,jamil,110,91,201
m,judd,110,91,201
m,alexavier,100,101,201
m,korey,98,103,201
f,merida,99,101,200
f,anylah,98,102,200
f,sydnee,95,105,200
f,sabina,94,106,200
f,milly,88,112,200
m,aryeh,110,90,200
m,clifton,110,90,200
m,tiberius,109,91,200
m,olin,107,93,200
m,maddex,104,96,200
m,maxon,104,96,200
m,dwight,103,97,200
m,kasey,101,99,200
m,kenan,94,106,200
m,jaxyn,93,107,200
m,lars,91,109,200
f,kayli,116,83,199
f,ashlee,105,94,199
f,irelynn,100,99,199
f,lux,100,99,199
f,ela,99,100,199
f,lakelyn,99,100,199
f,trisha,99,100,199
f,alonna,97,102,199
f,caliyah,96,103,199
m,brandt,114,85,199
m,johnnie,107,92,199
m,braxten,103,96,199
m,shea,100,99,199
m,calder,79,120,199
f,brylie,120,78,198
f,arie,105,93,198
f,maelyn,104,94,198
f,deasia,103,95,198
f,rosalinda,92,106,198
f,ramsey,83,115,198
m,denis,110,88,198
m,laken,108,90,198
m,luther,99,99,198
m,lyam,94,104,198
m,obadiah,92,106,198
f,jaslynn,108,89,197
f,jaiden,107,90,197
f,tanya,105,92,197
f,laina,102,95,197
f,makinley,102,95,197
f,kiyah,101,96,197
f,laya,98,99,197
f,zyla,97,100,197
f,asma,93,104,197
f,avalee,88,109,197
m,kayleb,120,77,197
m,tegan,113,84,197
m,ambrose,101,96,197
m,terence,101,96,197
f,aleksandra,112,84,196
f,adalia,111,85,196
f,adleigh,108,88,196
f,niyah,107,89,196
f,memphis,104,92,196
f,italy,100,96,196
f,maddilyn,95,101,196
m,fischer,104,92,196
m,arden,92,104,196
m,constantine,91,105,196
m,callahan,83,113,196
f,aleyah,107,88,195
f,marli,102,93,195
f,amerie,94,101,195
f,devorah,93,102,195
f,sybil,90,105,195
f,taleah,84,111,195
m,estevan,106,89,195
m,raylen,104,91,195
m,jaleel,98,97,195
m,cam,94,101,195
f,ever,110,84,194
f,finleigh,110,84,194
f,shaniya,104,90,194
f,raelee,103,91,194
f,paizlee,101,93,194
f,kavya,97,97,194
f,irina,96,98,194
f,glory,83,111,194
f,goldie,79,115,194
m,marko,100,94,194
m,eithan,99,95,194
m,daxon,93,101,194
m,auden,90,104,194
f,laiyah,112,81,193
f,talya,103,90,193
f,billie,97,96,193
f,alyana,95,98,193
f,aura,94,99,193
f,diane,92,101,193
f,pippa,92,101,193
f,janyla,91,102,193
f,kaira,91,102,193
f,lillith,84,109,193
f,emmi,81,112,193
m,henley,104,89,193
m,gentry,97,96,193
m,arnold,95,98,193
m,neel,95,98,193
m,eitan,93,100,193
m,markell,86,107,193
f,aislyn,111,81,192
f,sandy,106,86,192
f,beckett,99,93,192
f,aeris,96,96,192
f,rylin,94,98,192
f,aniah,91,101,192
f,liya,89,103,192
f,ria,84,108,192
m,domenic,105,87,192
m,efren,99,93,192
m,vito,94,98,192
m,kainoa,91,101,192
m,avrohom,90,102,192
m,shaan,90,102,192
m,gerson,77,115,192
f,bennett,104,87,191
f,kalli,101,90,191
f,kodi,88,103,191
f,maryn,87,104,191
f,anissa,85,106,191
m,braulio,99,92,191
m,ryatt,99,92,191
m,zyler,96,95,191
m,jerimiah,94,97,191
m,kenzo,88,103,191
m,teo,88,103,191
f,lluvia,102,88,190
f,rania,101,89,190
f,cristal,100,90,190
f,fabiola,100,90,190
f,joanne,96,94,190
f,gaia,92,98,190
f,elyana,91,99,190
f,candace,90,100,190
f,adrian,83,107,190
m,drayden,107,83,190
m,stryker,104,86,190
m,mickey,102,88,190
m,maximillian,101,89,190
m,jakobi,100,90,190
m,dan,90,100,190
f,cierra,109,80,189
f,brandi,108,81,189
f,noella,94,95,189
f,analee,93,96,189
f,hayven,93,96,189
f,rain,93,96,189
f,evelin,92,97,189
f,lourdes,90,99,189
f,mari,86,103,189
f,emeline,85,104,189
m,javian,103,86,189
m,shaurya,102,87,189
m,riker,94,95,189
m,genesis,93,96,189
m,huck,90,99,189
m,mylo,84,105,189
f,emalee,110,78,188
f,jacelyn,105,83,188
f,jacie,104,84,188
f,myka,104,84,188
f,acacia,103,85,188
f,vicky,103,85,188
f,yana,101,87,188
f,elli,96,92,188
f,khali,96,92,188
f,terra,93,95,188
f,zyana,87,101,188
f,gizelle,85,103,188
m,fidel,96,92,188
m,davi,91,97,188
m,rockwell,91,97,188
m,ved,86,102,188
m,knowledge,76,112,188
f,keeley,104,83,187
f,raizy,100,87,187
f,makaylah,99,88,187
f,roxanna,96,91,187
f,jaidyn,95,92,187
f,amarie,89,98,187
m,ellison,92,95,187
m,jelani,88,99,187
f,kristin,111,75,186
f,brystol,96,90,186
f,dafne,93,93,186
f,raine,89,97,186
f,reilly,89,97,186
f,greer,88,98,186
f,theodora,80,106,186
f,maple,73,113,186
m,saif,104,82,186
m,abdulaziz,99,87,186
m,linden,87,99,186
f,lanie,101,84,185
f,emmaleigh,96,89,185
f,jackie,94,91,185
f,audrie,93,92,185
f,juno,86,99,185
f,rebel,83,102,185
f,leylani,82,103,185
m,damoni,106,79,185
m,dewayne,102,83,185
m,osman,99,86,185
f,korie,103,81,184
f,keely,98,86,184
f,nour,97,87,184
f,jaci,96,88,184
f,lynette,96,88,184
f,jacklyn,95,89,184
f,manha,85,99,184
m,nate,93,91,184
m,nikita,92,92,184
m,obed,88,96,184
m,viraj,87,97,184
m,jaycion,83,101,184
m,ren,71,113,184
f,maylin,103,80,183
f,lane,98,85,183
f,ansleigh,97,86,183
f,evan,97,86,183
f,amaria,93,90,183
f,star,92,91,183
f,jannah,91,92,183
f,selma,88,95,183
f,amor,87,96,183
f,ellia,87,96,183
f,daenerys,82,101,183
f,aaradhya,81,102,183
m,javen,112,71,183
m,leopold,92,91,183
m,hamilton,86,97,183
m,ilyas,86,97,183
m,ocean,81,102,183
m,bowie,53,130,183
f,malena,100,82,182
f,aminata,99,83,182
f,marwa,96,86,182
f,harlem,89,93,182
f,analeigh,85,97,182
f,ameerah,81,101,182
m,roan,98,84,182
m,zachery,97,85,182
m,ethen,93,89,182
f,aleyda,117,64,181
f,elysia,100,81,181
f,dawn,98,83,181
f,brissa,92,89,181
f,mayte,89,92,181
f,sheyla,87,94,181
f,aylah,85,96,181
f,ryley,84,97,181
f,giulia,83,98,181
f,yatziri,82,99,181
m,bryden,97,84,181
m,aspen,87,94,181
m,lazaro,87,94,181
m,rogan,87,94,181
m,abdullahi,83,98,181
f,mirabelle,99,81,180
f,ines,97,83,180
f,avamarie,89,91,180
f,leora,86,94,180
f,eila,85,95,180
m,theron,99,81,180
m,jordon,98,82,180
m,patricio,95,85,180
m,ervin,94,86,180
m,josef,91,89,180
m,jiovanni,90,90,180
m,kamarion,87,93,180
m,jamarcus,85,95,180
m,alister,81,99,180
f,afton,96,83,179
f,dasha,95,84,179
f,naia,94,85,179
f,mason,92,87,179
f,maelee,91,88,179
f,baileigh,88,91,179
f,rian,88,91,179
f,harlynn,65,114,179
m,heriberto,96,83,179
m,yazan,96,83,179
m,cristofer,89,90,179
m,nolen,88,91,179
m,hussain,86,93,179
m,boyd,81,98,179
f,rocio,104,74,178
f,xochitl,96,82,178
f,sol,87,91,178
f,lottie,78,100,178
f,berklee,73,105,178
f,pia,73,105,178
m,jasiel,104,74,178
m,glen,94,84,178
m,athan,89,89,178
m,chancellor,86,92,178
m,reilly,84,94,178
m,neo,80,98,178
m,finnigan,75,103,178
f,kerrigan,98,79,177
f,josefina,94,83,177
f,susie,94,83,177
f,eleanore,90,87,177
f,laine,85,92,177
f,mckinlee,83,94,177
f,cayleigh,75,102,177
m,azaiah,97,80,177
m,jan,93,84,177
m,ken,87,90,177
m,kysen,79,98,177
f,abigayle,108,68,176
f,allisson,95,81,176
f,kynzlee,91,85,176
f,marlow,85,91,176
f,sonja,85,91,176
f,jailynn,84,92,176
m,jaysen,97,79,176
m,fredy,94,82,176
m,jules,93,83,176
m,lenox,86,90,176
m,sire,79,97,176
m,azrael,63,113,176
f,abagail,103,72,175
f,kiya,88,87,175
f,neva,84,91,175
f,tracy,83,92,175
f,kenslee,77,98,175
f,desire,70,105,175
m,jovanny,98,77,175
m,carlton,96,79,175
m,alexandro,92,83,175
m,teddy,91,84,175
m,jackie,90,85,175
m,nehemias,86,89,175
m,dandre,84,91,175
m,luc,80,95,175
f,jeanette,97,77,174
f,kyler,94,80,174
f,aubry,89,85,174
f,ameena,87,87,174
f,perry,87,87,174
f,jia,84,90,174
f,adelia,83,91,174
f,lynn,82,92,174
f,larkin,81,93,174
f,susannah,81,93,174
m,chester,98,76,174
m,sabastian,94,80,174
m,kyden,87,87,174
m,canon,86,88,174
m,kipton,81,93,174
f,mariya,99,74,173
f,stefany,96,77,173
f,paulette,95,78,173
f,zayna,82,91,173
f,theia,75,98,173
m,andrey,94,79,173
m,jhett,93,80,173
m,lucio,90,83,173
m,triton,89,84,173
m,om,87,86,173
m,jeramiah,86,87,173
m,chayse,85,88,173
m,tytus,82,91,173
m,aizen,79,94,173
f,arayah,105,67,172
f,lesley,96,76,172
f,janelly,95,77,172
f,avonlea,90,82,172
f,aarohi,88,84,172
f,avaya,87,85,172
f,katheryn,87,85,172
f,fern,86,86,172
f,krisha,85,87,172
f,kaniyah,84,88,172
f,calli,83,89,172
f,braylin,82,90,172
f,debora,79,93,172
f,maizie,77,95,172
f,sahasra,77,95,172
f,rahma,75,97,172
f,klaire,74,98,172
m,muhammed,92,80,172
m,wylie,74,98,172
m,granger,62,110,172
f,olyvia,92,79,171
f,adah,90,81,171
f,aven,85,86,171
f,alayla,84,87,171
f,anisha,82,89,171
f,delylah,82,89,171
f,avelyn,81,90,171
f,jayne,81,90,171
f,hellen,80,91,171
f,evalina,74,97,171
f,jules,66,105,171
m,caesar,92,79,171
m,kirk,92,79,171
m,herman,91,80,171
m,tristyn,80,91,171
f,isis,117,53,170
f,daleysa,103,67,170
f,juanita,95,75,170
f,sabine,95,75,170
f,zariya,88,82,170
f,ilana,83,87,170
f,philomena,78,92,170
f,blayke,56,114,170
m,jayvon,98,72,170
m,jakub,92,78,170
f,iyana,100,69,169
f,estela,96,73,169
f,lilyan,88,81,169
f,hawa,87,82,169
f,adelle,85,84,169
f,janna,82,87,169
f,lotus,81,88,169
f,mayla,80,89,169
f,ani,78,91,169
f,marlo,77,92,169
f,yuri,77,92,169
f,lilyanne,75,94,169
m,kacen,95,74,169
m,aiyden,94,75,169
m,stellan,92,77,169
m,casper,87,82,169
m,deshaun,87,82,169
m,tyce,87,82,169
m,daylan,85,84,169
m,jahir,79,90,169
f,jannat,90,78,168
f,annalia,80,88,168
m,mahdi,98,70,168
m,tremaine,95,73,168
m,donavan,94,74,168
m,brently,92,76,168
m,shayne,89,79,168
m,sky,83,85,168
m,valor,78,90,168
m,filip,75,93,168
m,barron,74,94,168
m,zacharias,74,94,168
m,journey,68,100,168
m,abhiram,64,104,168
f,taylee,94,73,167
f,destini,89,78,167
f,janeth,89,78,167
f,lupita,86,81,167
f,charly,81,86,167
f,sevyn,81,86,167
f,amiracle,78,89,167
f,lucianna,78,89,167
f,asiyah,77,90,167
f,fatoumata,73,94,167
m,coleson,87,80,167
m,khristian,85,82,167
m,clive,82,85,167
m,rafe,82,85,167
m,talan,77,90,167
m,calum,75,92,167
m,malek,72,95,167
f,arionna,96,70,166
f,kelis,93,73,166
f,sanvi,91,75,166
f,eliora,86,80,166
f,jalynn,83,83,166
f,flor,82,84,166
f,mindy,78,88,166
f,arlet,39,127,166
m,ryley,93,73,166
m,shalom,91,75,166
m,benito,87,79,166
m,job,87,79,166
m,miguelangel,85,81,166
m,raleigh,77,89,166
m,kellin,76,90,166
m,sultan,69,97,166
f,avary,87,78,165
f,mildred,87,78,165
f,tamar,82,83,165
f,addelynn,81,84,165
f,aribella,80,85,165
f,kelsi,79,86,165
f,skarlett,79,86,165
f,noelani,78,87,165
f,rivky,78,87,165
f,layah,74,91,165
m,rickey,87,78,165
m,freddie,83,82,165
m,said,82,83,165
m,ezio,81,84,165
m,treyson,81,84,165
m,anay,78,87,165
f,jenelle,90,74,164
f,annaleah,87,77,164
f,odette,86,78,164
f,hollie,83,81,164
f,jaden,81,83,164
f,corina,78,86,164
f,divine,78,86,164
f,jamia,74,90,164
f,jesslyn,72,92,164
m,bane,92,72,164
m,charley,85,79,164
m,khyree,85,79,164
m,paris,84,80,164
m,samarth,84,80,164
m,massiah,81,83,164
m,orin,79,85,164
m,hadi,77,87,164
m,wendell,76,88,164
m,cartier,75,89,164
f,caelyn,96,67,163
f,liyah,96,67,163
f,zarina,95,68,163
f,nikita,93,70,163
f,layne,90,73,163
f,agatha,87,76,163
f,jennah,87,76,163
f,ellington,85,78,163
f,danni,84,79,163
f,eternity,84,79,163
f,jazzlynn,84,79,163
f,tilly,82,81,163
f,mahogany,80,83,163
f,norma,77,86,163
f,romy,76,87,163
f,shira,75,88,163
f,jailyne,66,97,163
f,nariyah,64,99,163
f,haisley,63,100,163
f,giulietta,62,101,163
m,angus,88,75,163
m,tyshawn,84,79,163
m,amin,81,82,163
m,ashtyn,74,89,163
f,maizy,87,75,162
f,triniti,86,76,162
f,batsheva,84,78,162
f,sinai,83,79,162
f,priscila,78,84,162
f,analy,67,95,162
m,dontae,96,66,162
m,izan,93,69,162
m,hansel,90,72,162
m,jacques,90,72,162
m,brentlee,87,75,162
m,cai,82,80,162
m,anish,81,81,162
m,yousuf,81,81,162
m,keoni,80,82,162
m,kurtis,78,84,162
m,tenzin,76,86,162
m,konrad,75,87,162
m,renzo,75,87,162
m,eyad,66,96,162
f,monique,101,60,161
f,mylee,85,76,161
f,storm,76,85,161
f,abilene,69,92,161
f,isley,69,92,161
f,adalyne,67,94,161
f,empress,66,95,161
f,ileana,64,97,161
m,jencarlos,89,72,161
m,keshawn,83,78,161
m,brant,81,80,161
m,warner,78,83,161
m,avian,73,88,161
m,gadiel,71,90,161
m,aylan,65,96,161
m,klay,64,97,161
f,veronika,98,62,160
f,bracha,91,69,160
f,anayeli,90,70,160
f,kalena,83,77,160
f,sariya,81,79,160
f,mallorie,79,81,160
f,rilyn,77,83,160
f,aisley,76,84,160
f,collette,70,90,160
f,paxton,69,91,160
f,marigold,67,93,160
m,aaiden,89,71,160
m,aharon,85,75,160
m,rivers,82,78,160
m,shannon,82,78,160
m,geoffrey,80,80,160
m,arvin,78,82,160
m,malikai,77,83,160
m,breck,75,85,160
m,oden,72,88,160
m,maceo,69,91,160
f,vianney,85,74,159
f,zaida,81,78,159
f,toby,80,79,159
f,oaklynn,57,102,159
m,demetri,84,75,159
m,bryar,83,76,159
m,adin,79,80,159
m,herbert,79,80,159
m,aahil,78,81,159
m,flint,74,85,159
m,fitzgerald,73,86,159
f,nyasia,88,70,158
f,kambree,84,74,158
f,lexington,81,77,158
f,brigid,80,78,158
f,emarie,80,78,158
f,samaira,78,80,158
f,nirvana,74,84,158
f,jovi,73,85,158
f,emberlee,63,95,158
m,xaiden,86,72,158
m,raymundo,84,74,158
m,braedyn,83,75,158
m,teegan,81,77,158
m,masyn,79,79,158
m,akiva,70,88,158
m,seven,67,91,158
m,aziel,65,93,158
f,joi,87,70,157
f,linley,83,74,157
f,taylynn,81,76,157
f,ania,80,77,157
f,anastacia,72,85,157
f,ivie,72,85,157
f,saira,72,85,157
f,emmersyn,71,86,157
f,haniya,60,97,157
m,demarco,84,73,157
m,deonte,82,75,157
m,giorgio,75,82,157
m,omer,75,82,157
m,ayub,74,83,157
m,marquez,71,86,157
m,everardo,70,87,157
m,hashim,67,90,157
f,rachelle,95,61,156
f,joann,86,70,156
f,alaiyah,85,71,156
f,marguerite,80,76,156
f,shaina,78,78,156
f,kristine,77,79,156
f,edna,76,80,156
f,randi,74,82,156
f,indiana,73,83,156
f,ellyana,71,85,156
f,zoee,66,90,156
m,jacari,81,75,156
m,kylin,78,78,156
m,jaiceon,74,82,156
m,leander,73,83,156
m,rudra,72,84,156
m,darion,70,86,156
m,virgil,69,87,156
m,orson,66,90,156
m,zakari,61,95,156
f,charis,85,70,155
f,annemarie,84,71,155
f,connie,82,73,155
f,evolet,80,75,155
f,preslie,77,78,155
f,jayna,75,80,155
f,adlee,74,81,155
f,isela,71,84,155
f,chesney,68,87,155
f,safiya,68,87,155
f,joselin,67,88,155
m,izaak,90,65,155
m,jaydin,80,75,155
m,shiv,73,82,155
m,kasyn,70,85,155
f,kimberlyn,87,67,154
f,fallyn,84,70,154
f,gladys,83,71,154
f,keiry,82,72,154
f,ericka,77,77,154
f,jayleigh,76,78,154
f,draya,75,79,154
f,brook,71,83,154
f,ridley,71,83,154
f,sabella,71,83,154
m,zamari,98,56,154
m,cadence,79,75,154
m,taha,75,79,154
m,taylen,69,85,154
f,jalaya,87,66,153
f,rayven,87,66,153
f,kenzleigh,82,71,153
f,cienna,81,72,153
f,alexi,77,76,153
f,josey,76,77,153
f,liyana,75,78,153
f,analiyah,72,81,153
f,venus,70,83,153
f,cailey,68,85,153
f,jayce,64,89,153
m,marion,77,76,153
m,saad,77,76,153
m,tyrus,75,78,153
m,gracen,74,79,153
m,gavriel,73,80,153
m,zavian,72,81,153
m,blair,70,83,153
m,ayansh,64,89,153
f,samaria,92,60,152
f,saydee,86,66,152
f,timber,83,69,152
f,jasleen,82,70,152
f,anistyn,80,72,152
f,marbella,80,72,152
f,landyn,76,76,152
f,marlena,72,80,152
f,janaya,70,82,152
f,elowyn,68,84,152
f,austen,61,91,152
m,charleston,88,64,152
m,adnan,86,66,152
m,jaxston,83,69,152
m,kory,81,71,152
m,donnell,78,74,152
m,ayman,77,75,152
m,wren,65,87,152
m,yuvan,59,93,152
m,saint,37,115,152
f,alyza,83,68,151
f,anasofia,80,71,151
f,calleigh,80,71,151
f,joana,78,73,151
f,odessa,75,76,151
f,abella,73,78,151
f,naveah,73,78,151
f,mandy,69,82,151
f,rosario,69,82,151
f,liz,67,84,151
f,anali,65,86,151
m,dyland,90,61,151
m,aayush,88,63,151
m,amani,79,72,151
m,conley,75,76,151
m,hiro,74,77,151
m,aj,71,80,151
m,tru,71,80,151
m,storm,63,88,151
f,katharine,89,61,150
f,jhene,85,65,150
f,bryce,80,70,150
f,tristan,79,71,150
f,berlin,75,75,150
f,rylei,72,78,150
f,sullivan,70,80,150
m,graydon,87,63,150
m,arion,83,67,150
m,amen,78,72,150
m,isael,75,75,150
m,meyer,73,77,150
m,scout,67,83,150
f,breelyn,83,66,149
f,leann,81,68,149
f,yadira,76,73,149
f,vianey,75,74,149
f,avyanna,74,75,149
f,karely,71,78,149
f,bethel,70,79,149
f,zofia,62,87,149
f,ziya,54,95,149
m,ike,95,54,149
m,carsten,83,66,149
m,marlin,79,70,149
m,blaize,78,71,149
m,darrius,78,71,149
m,karam,78,71,149
m,coltyn,77,72,149
m,witten,75,74,149
m,abbas,74,75,149
m,oziel,74,75,149
m,merritt,71,78,149
f,alli,89,59,148
f,brooklynne,86,62,148
f,loralei,83,65,148
f,arianne,81,67,148
f,swara,78,70,148
f,misha,77,71,148
f,lexy,72,76,148
f,miller,71,77,148
f,serene,71,77,148
f,haya,69,79,148
f,prudence,69,79,148
f,luca,68,80,148
f,dawson,66,82,148
f,inez,62,86,148
f,ivanka,37,111,148
m,payson,78,70,148
m,olivier,77,71,148
m,jaheim,76,72,148
m,jaxsyn,76,72,148
m,tre,74,74,148
m,devante,69,79,148
m,kenai,68,80,148
f,taniya,85,62,147
f,ainslee,78,69,147
f,zakiyah,76,71,147
f,coralee,75,72,147
f,ensley,71,76,147
f,eowyn,69,78,147
f,stormie,68,79,147
f,ocean,65,82,147
f,aleia,64,83,147
f,sama,63,84,147
f,elliotte,61,86,147
f,laiken,59,88,147
f,berenice,58,89,147
f,nahomi,58,89,147
m,rick,81,66,147
m,bryton,78,69,147
m,west,75,72,147
m,zen,74,73,147
m,gregorio,73,74,147
m,kavin,73,74,147
f,aja,84,62,146
f,emalynn,83,63,146
f,anvi,80,66,146
f,antoinette,78,68,146
f,anslee,77,69,146
f,yocheved,75,71,146
f,ravyn,71,75,146
f,damiyah,67,79,146
f,brandy,66,80,146
f,karson,63,83,146
m,kenyon,93,53,146
m,colston,83,63,146
m,brayton,80,66,146
m,jakhi,80,66,146
m,rhyder,76,70,146
m,indiana,74,72,146
m,johnson,74,72,146
m,karsten,70,76,146
m,jacobo,68,78,146
m,shay,60,86,146
m,hawkins,59,87,146
f,raylin,78,67,145
f,shyann,76,69,145
f,lyrik,75,70,145
f,asher,74,71,145
f,aaralyn,72,73,145
f,isa,72,73,145
f,leyna,72,73,145
f,jamiah,69,76,145
f,finlee,68,77,145
f,camellia,67,78,145
f,eris,67,78,145
m,kaedyn,78,67,145
m,edmond,76,69,145
m,dixon,70,75,145
m,sulaiman,68,77,145
m,eastyn,65,80,145
m,aris,60,85,145
f,lillyan,80,64,144
f,ainara,77,67,144
f,elisheva,77,67,144
f,suzanne,77,67,144
f,anja,73,71,144
f,magaly,73,71,144
f,aly,68,76,144
f,lani,66,78,144
f,birdie,64,80,144
m,arya,90,54,144
m,sameer,78,66,144
m,ayush,76,68,144
m,ibraheem,76,68,144
m,isidro,76,68,144
m,damani,75,69,144
m,eliott,75,69,144
m,loren,71,73,144
m,gene,67,77,144
m,nyle,48,96,144
m,zabdiel,33,111,144
m,kion,23,121,144
f,danae,86,57,143
f,christy,83,60,143
f,coco,83,60,143
f,carys,82,61,143
f,jasmyn,82,61,143
f,laynie,78,65,143
f,linden,78,65,143
f,ruhi,78,65,143
f,giulianna,77,66,143
f,anaiya,75,68,143
f,illiana,74,69,143
f,zipporah,73,70,143
f,alysson,71,72,143
f,emilyn,70,73,143
f,niah,69,74,143
f,tayler,69,74,143
f,blakelyn,66,77,143
f,irelyn,65,78,143
f,yitty,65,78,143
f,francis,64,79,143
f,lavender,61,82,143
m,stuart,84,59,143
m,blayne,78,65,143
m,nicolai,78,65,143
m,yonatan,78,65,143
m,chayton,76,67,143
m,juancarlos,75,68,143
m,sahil,74,69,143
m,syrus,73,70,143
m,dempsey,72,71,143
m,shia,72,71,143
m,sunny,72,71,143
m,manolo,68,75,143
m,lex,67,76,143
m,maxson,67,76,143
m,cru,65,78,143
f,makaila,86,56,142
f,halima,73,69,142
f,shriya,73,69,142
f,lilli,70,72,142
f,aziyah,68,74,142
f,blakelee,68,74,142
f,dayanara,67,75,142
f,jean,67,75,142
f,kynsley,65,77,142
f,aizah,63,79,142
f,therese,63,79,142
m,mohamad,78,64,142
m,masiah,74,68,142
m,yehoshua,73,69,142
m,ashwin,72,70,142
m,osmar,70,72,142
m,zayan,70,72,142
m,zyion,67,75,142
m,kahlil,63,79,142
f,kaylene,79,62,141
f,brookelyn,77,64,141
f,chanelle,76,65,141
f,annalie,72,69,141
f,kyrah,71,70,141
f,mabry,71,70,141
f,tillie,70,71,141
f,jenevieve,69,72,141
f,melisa,69,72,141
f,emmylou,68,73,141
f,khaliyah,67,74,141
f,auria,66,75,141
f,harmonee,65,76,141
f,edyn,64,77,141
f,wyatt,63,78,141
f,landrie,62,79,141
m,omarion,84,57,141
m,andrei,75,66,141
m,mckinley,73,68,141
m,willis,73,68,141
m,khamari,72,69,141
m,zeppelin,70,71,141
m,krishna,68,73,141
m,aram,66,75,141
m,hernan,65,76,141
f,alexus,85,55,140
f,kinzie,83,57,140
f,brianne,77,63,140
f,malinda,77,63,140
f,alona,75,65,140
f,cerenity,72,68,140
f,baylie,70,70,140
f,polina,67,73,140
f,esmae,59,81,140
f,adelyne,56,84,140
m,rashawn,85,55,140
m,abe,80,60,140
m,jed,76,64,140
m,landan,75,65,140
m,jimmie,71,69,140
m,kayne,71,69,140
m,darin,70,70,140
m,ridley,62,78,140
f,shaniyah,84,55,139
f,alijah,83,56,139
f,annalyse,78,61,139
f,britton,78,61,139
f,savana,76,63,139
f,briseida,75,64,139
f,kassie,74,65,139
f,khylee,74,65,139
f,shaila,73,66,139
f,simran,71,68,139
f,adella,70,69,139
f,ilyana,68,71,139
f,brie,64,75,139
f,ahuva,62,77,139
f,ayra,59,80,139
f,malika,54,85,139
m,gabe,88,51,139
m,jaedyn,82,57,139
m,braelyn,78,61,139
m,kadence,78,61,139
m,westen,77,62,139
m,agastya,76,63,139
m,treyvon,76,63,139
m,evin,75,64,139
m,sylvester,73,66,139
m,salomon,69,70,139
f,roxy,80,58,138
f,zooey,79,59,138
f,shaelyn,78,60,138
f,brynnley,77,61,138
f,devon,77,61,138
f,pauline,77,61,138
f,avaleigh,76,62,138
f,dasia,75,63,138
f,kennady,73,65,138
f,brynna,71,67,138
f,julieth,70,68,138
f,daliyah,69,69,138
f,kaiyah,69,69,138
f,rosabella,69,69,138
f,irma,67,71,138
f,elani,66,72,138
f,caia,65,73,138
f,lavinia,63,75,138
m,brad,88,50,138
m,raylon,79,59,138
m,dmitri,75,63,138
m,shayan,74,64,138
m,ciaran,73,65,138
m,elyjah,73,65,138
m,beckam,71,67,138
m,tom,68,70,138
m,zac,64,74,138
m,mamadou,63,75,138
m,townes,57,81,138
f,avni,78,59,137
f,angelie,77,60,137
f,emaan,76,61,137
f,ryanne,73,64,137
f,annalyn,72,65,137
f,jariyah,70,67,137
f,jordana,70,67,137
f,royale,70,67,137
f,tova,70,67,137
f,shaindy,65,72,137
m,caeden,77,60,137
m,ammon,75,62,137
m,tytan,74,63,137
m,karas,71,66,137
m,patton,70,67,137
m,ahmari,69,68,137
m,richie,68,69,137
m,willem,67,70,137
m,shlok,65,72,137
m,yash,64,73,137
m,trayvon,62,75,137
m,ames,51,86,137
f,yaiza,83,53,136
f,kaydance,81,55,136
f,milla,81,55,136
f,lael,77,59,136
f,anderson,74,62,136
f,azlynn,74,62,136
f,leana,71,65,136
f,aalayah,70,66,136
f,kaily,69,67,136
f,story,68,68,136
f,emaline,65,71,136
f,jahzara,57,79,136
f,samarah,55,81,136
f,ziyah,55,81,136
f,zelie,50,86,136
m,morrison,80,56,136
m,dyson,73,63,136
m,kekoa,70,66,136
m,pax,63,73,136
m,legacy,59,77,136
m,woodrow,59,77,136
m,nile,55,81,136
f,adelynne,76,59,135
f,anaiyah,75,60,135
f,aashvi,72,63,135
f,saya,72,63,135
f,grey,71,64,135
f,nilah,70,65,135
f,bobbi,67,68,135
f,marla,66,69,135
f,aries,65,70,135
f,dara,64,71,135
f,philippa,61,74,135
f,alycia,59,76,135
f,kylar,59,76,135
m,orrin,83,52,135
m,jaxin,79,56,135
m,nathen,79,56,135
m,jaziah,74,61,135
m,jakoby,73,62,135
m,holt,67,68,135
m,radley,66,69,135
m,jamaal,65,70,135
m,everette,64,71,135
m,hendrik,64,71,135
m,sylis,61,74,135
m,tidus,61,74,135
m,jeshua,60,75,135
m,alessio,50,85,135
f,kalynn,84,50,134
f,christianna,76,58,134
f,kenadee,74,60,134
f,sequoia,73,61,134
f,kyara,72,62,134
f,nava,70,64,134
f,jesiah,69,65,134
f,nika,68,66,134
f,kamaria,67,67,134
f,uma,66,68,134
f,nahomy,64,70,134
f,hosanna,58,76,134
f,joella,58,76,134
f,skai,57,77,134
f,fiorella,49,85,134
f,zailey,45,89,134
m,mendel,78,56,134
m,xavion,74,60,134
m,roscoe,71,63,134
m,jaylan,69,65,134
m,osiel,67,67,134
m,brooklyn,66,68,134
m,jeronimo,64,70,134
m,rehan,64,70,134
m,adriano,59,75,134
m,kalani,57,77,134
m,eiden,55,79,134
m,issa,54,80,134
f,jazmyne,82,51,133
f,kaydee,82,51,133
f,alyce,79,54,133
f,kaileigh,77,56,133
f,skylin,75,58,133
f,aliviah,74,59,133
f,adria,73,60,133
f,blakeley,73,60,133
f,mayar,73,60,133
f,sedona,69,64,133
f,minnie,68,65,133
f,arina,59,74,133
f,jayme,58,75,133
f,anora,55,78,133
m,hampton,76,57,133
m,deklyn,72,61,133
m,abiel,71,62,133
m,tye,70,63,133
m,antwon,69,64,133
m,croix,68,65,133
m,carmello,66,67,133
m,rush,65,68,133
m,guadalupe,64,69,133
m,zyair,64,69,133
m,armin,63,70,133
m,kaleo,59,74,133
f,kylynn,76,56,132
f,jaslene,74,58,132
f,easton,72,60,132
f,yehudis,70,62,132
f,issabella,69,63,132
f,rikki,68,64,132
f,lenore,67,65,132
f,amna,66,66,132
f,emmanuella,66,66,132
f,avayah,63,69,132
f,arrow,61,71,132
f,verity,60,72,132
f,khalani,45,87,132
m,jairus,83,49,132
m,desean,79,53,132
m,eben,75,57,132
m,juanpablo,74,58,132
m,mahmoud,72,60,132
m,joseluis,71,61,132
m,deontae,69,63,132
m,kaydon,69,63,132
m,sylus,62,70,132
m,yuvraj,59,73,132
m,abelardo,58,74,132
m,elyas,57,75,132
m,rami,56,76,132
f,izel,82,49,131
f,hadassa,75,56,131
f,dakotah,73,58,131
f,janely,72,59,131
f,ivette,70,61,131
f,becca,69,62,131
f,elyza,67,64,131
f,xyla,67,64,131
f,rena,63,68,131
f,adira,62,69,131
f,crimson,62,69,131
m,augustin,76,55,131
m,kollin,76,55,131
m,montana,71,60,131
m,ozzy,71,60,131
m,riggs,66,65,131
m,kalen,65,66,131
m,bradford,63,68,131
m,noa,63,68,131
m,mavrick,62,69,131
m,saleh,56,75,131
m,shaya,53,78,131
f,allegra,78,52,130
f,gema,75,55,130
f,acelynn,74,56,130
f,adara,74,56,130
f,kahlan,74,56,130
f,ayden,73,57,130
f,aleeyah,71,59,130
f,aniylah,69,61,130
f,lovely,69,61,130
f,nataleigh,69,61,130
f,huda,65,65,130
f,chase,63,67,130
f,kenadi,63,67,130
f,luci,63,67,130
f,rina,63,67,130
f,alya,61,69,130
f,leeann,61,69,130
f,nalah,61,69,130
f,nell,61,69,130
f,christa,60,70,130
f,maricela,57,73,130
f,zylah,55,75,130
f,kamaya,51,79,130
f,charlette,50,80,130
f,nessa,48,82,130
m,zade,78,52,130
m,jayveon,76,54,130
m,zymir,73,57,130
m,jeff,72,58,130
m,amadeus,67,63,130
m,kage,67,63,130
m,paulo,67,63,130
m,eros,66,64,130
m,heston,54,76,130
f,sherry,78,51,129
f,briseyda,70,59,129
f,gianni,69,60,129
f,kynnedi,69,60,129
f,briseis,68,61,129
f,yulianna,68,61,129
f,joseline,65,64,129
f,jesse,64,65,129
f,makiya,64,65,129
f,manuela,63,66,129
f,alise,61,68,129
f,jessi,61,68,129
f,maddyn,61,68,129
f,cianna,60,69,129
f,grettel,44,85,129
m,bradlee,74,55,129
m,deanthony,66,63,129
m,arik,62,67,129
m,samar,62,67,129
m,riot,61,68,129
m,tim,61,68,129
m,waylen,61,68,129
f,haiden,73,55,128
f,kirra,73,55,128
f,starr,73,55,128
f,eliyah,72,56,128
f,meagan,71,57,128
f,keagan,70,58,128
f,carrington,69,59,128
f,jalissa,69,59,128
f,maddisyn,69,59,128
f,adrianne,68,60,128
f,justina,66,62,128
f,angelia,64,64,128
f,harbor,61,67,128
f,bellarose,60,68,128
f,miliana,58,70,128
f,hermione,57,71,128
f,annastasia,48,80,128
m,cylas,77,51,128
m,dallin,66,62,128
m,federico,62,66,128
m,marius,61,67,128
m,tamir,61,67,128
m,wolf,61,67,128
m,skye,59,69,128
m,kaycen,57,71,128
m,ryu,56,72,128
m,marcell,55,73,128
m,sloan,55,73,128
m,zyan,54,74,128
f,jensen,75,52,127
f,kenzington,75,52,127
f,janai,73,54,127
f,jaime,69,58,127
f,keyli,67,60,127
f,sakura,67,60,127
f,tyra,66,61,127
f,daelyn,65,62,127
f,kalliope,65,62,127
f,marilynn,65,62,127
f,ahana,63,64,127
f,andromeda,63,64,127
f,adison,62,65,127
f,brynlie,62,65,127
f,hanan,60,67,127
f,havyn,60,67,127
f,eloisa,58,69,127
f,ofelia,58,69,127
f,francine,55,72,127
f,brelynn,53,74,127
f,marta,53,74,127
f,kelsea,47,80,127
m,zakary,76,51,127
m,loyal,71,56,127
m,tylen,71,56,127
m,jovany,70,57,127
m,crue,69,58,127
m,baxter,68,59,127
m,nevin,67,60,127
m,landin,66,61,127
m,avyan,51,76,127
f,johannah,74,52,126
f,naiya,73,53,126
f,zakiya,69,57,126
f,alexandrea,68,58,126
f,arissa,68,58,126
f,brilee,67,59,126
f,kymber,67,59,126
f,isra,66,60,126
f,brilynn,64,62,126
f,jaela,64,62,126
f,vania,62,64,126
f,mirabella,61,65,126
f,brailynn,60,66,126
f,aariyah,57,69,126
f,jaila,56,70,126
f,cheryl,55,71,126
f,novaleigh,55,71,126
m,yusef,75,51,126
m,yechiel,67,59,126
m,faisal,66,60,126
m,lake,64,62,126
m,calen,61,65,126
m,kainen,58,68,126
m,kanaan,52,74,126
m,hendrick,50,76,126
f,felicia,76,49,125
f,kolbie,71,54,125
f,daniyah,68,57,125
f,gracey,65,60,125
f,denali,63,62,125
f,maycie,63,62,125
f,lynnlee,62,63,125
f,marlen,62,63,125
f,cameryn,61,64,125
f,henrietta,60,65,125
f,azeneth,59,66,125
f,aseel,52,73,125
f,rozlyn,51,74,125
f,clarke,49,76,125
m,tracy,72,53,125
m,lenin,66,59,125
m,brylan,65,60,125
m,genaro,65,60,125
m,aariz,63,62,125
m,mayer,61,64,125
m,conan,58,67,125
f,kalyn,77,47,124
f,kim,72,52,124
f,meara,72,52,124
f,tanner,69,55,124
f,ginger,68,56,124
f,kylin,68,56,124
f,rosanna,67,57,124
f,kameryn,66,58,124
f,laynee,65,59,124
f,neve,65,59,124
f,lora,61,63,124
f,razan,61,63,124
f,iqra,60,64,124
f,natali,60,64,124
f,navaeh,60,64,124
f,tatyana,60,64,124
m,arius,76,48,124
m,reyes,68,56,124
m,travon,67,57,124
m,koltyn,66,58,124
m,jaycen,61,63,124
m,karon,58,66,124
m,abhinav,57,67,124
m,mordecai,57,67,124
m,ozias,52,72,124
f,jacelynn,75,48,123
f,skyy,72,51,123
f,emsley,69,54,123
f,anvika,67,56,123
f,azalia,67,56,123
f,yasmina,67,56,123
f,analisa,64,59,123
f,kensleigh,63,60,123
f,sury,63,60,123
f,lillia,62,61,123
f,aliyanna,61,62,123
f,cassia,61,62,123
f,lizzie,61,62,123
f,brinleigh,59,64,123
f,samya,58,65,123
f,ebony,56,67,123
f,ayat,55,68,123
f,maddilynn,53,70,123
f,navi,49,74,123
f,annora,38,85,123
m,camari,69,54,123
m,simcha,67,56,123
m,adonai,64,59,123
m,asaiah,62,61,123
m,jedediah,60,63,123
m,mahir,57,66,123
m,yisrael,57,66,123
m,aleksandr,51,72,123
f,jennie,74,48,122
f,izabela,68,54,122
f,jariah,66,56,122
f,iona,64,58,122
f,zamiyah,64,58,122
f,catarina,62,60,122
f,samiah,62,60,122
f,railynn,61,61,122
f,janylah,60,62,122
f,danya,59,63,122
f,levi,59,63,122
f,callista,57,65,122
f,coralynn,56,66,122
f,ollie,56,66,122
f,effie,54,68,122
f,elif,53,69,122
f,legend,52,70,122
f,maisyn,39,83,122
m,layden,73,49,122
m,coleton,71,51,122
m,breckin,69,53,122
m,hosea,66,56,122
m,kevon,65,57,122
m,arie,64,58,122
m,reggie,64,58,122
m,cree,63,59,122
m,mykel,63,59,122
m,rhodes,63,59,122
m,riyan,63,59,122
m,aric,60,62,122
m,xavian,58,64,122
m,jayvian,53,69,122
f,emmarose,75,46,121
f,maleigha,71,50,121
f,kezia,69,52,121
f,meah,69,52,121
f,payson,68,53,121
f,aaliya,64,57,121
f,aralynn,64,57,121
f,josette,64,57,121
f,suzanna,62,59,121
f,emorie,60,61,121
f,kambrie,60,61,121
f,roberta,60,61,121
f,esmee,59,62,121
f,taylen,59,62,121
f,chloee,58,63,121
f,ellena,57,64,121
f,layken,56,65,121
f,mariama,50,71,121
f,khari,40,81,121
f,elowen,36,85,121
m,fahad,68,53,121
m,marshal,66,55,121
m,raghav,66,55,121
m,oswaldo,64,57,121
m,nahum,63,58,121
m,cy,61,60,121
m,darsh,61,60,121
m,ignatius,60,61,121
m,daquan,55,66,121
m,sylar,54,67,121
f,amyiah,72,48,120
f,aleen,71,49,120
f,yanely,70,50,120
f,maira,68,52,120
f,emmery,67,53,120
f,jazleen,65,55,120
f,kaiden,65,55,120
f,scotlyn,64,56,120
f,malaika,63,57,120
f,rya,63,57,120
f,madelyne,61,59,120
f,michele,61,59,120
f,azari,59,61,120
f,jupiter,42,78,120
f,jamaya,41,79,120
m,sanjay,76,44,120
m,lemuel,72,48,120
m,zylen,71,49,120
m,kolbe,69,51,120
m,eivin,67,53,120
m,yohan,67,53,120
m,demario,56,64,120
m,amere,55,65,120
m,revan,55,65,120
m,jaycee,53,67,120
m,kip,46,74,120
m,yoandri,23,97,120
f,abriana,72,47,119
f,brinkley,72,47,119
f,ily,72,47,119
f,ariannah,71,48,119
f,delila,66,53,119
f,katana,65,54,119
f,ameya,63,56,119
f,tirzah,63,56,119
f,serina,62,57,119
f,adaly,61,58,119
f,analiah,60,59,119
f,lamar,60,59,119
f,lili,59,60,119
f,averee,57,62,119
f,leya,56,63,119
f,sparrow,55,64,119
f,ayda,54,65,119
m,finlay,64,55,119
m,robbie,63,56,119
m,elton,62,57,119
m,tyrion,62,57,119
m,daron,59,60,119
m,bayron,56,63,119
m,yassin,55,64,119
m,emrys,53,66,119
m,bram,48,71,119
m,locke,46,73,119
f,sade,69,49,118
f,adia,68,50,118
f,reva,67,51,118
f,asa,65,53,118
f,alaura,60,58,118
f,cailee,56,62,118
f,alaiya,54,64,118
f,adrielle,53,65,118
f,ellee,52,66,118
f,madina,50,68,118
f,bowie,43,75,118
m,michelangelo,76,42,118
m,manny,70,48,118
m,jonatan,68,50,118
m,eshan,67,51,118
m,eian,66,52,118
m,dave,64,54,118
m,ahaan,62,56,118
m,crawford,62,56,118
m,nivaan,60,58,118
m,isreal,59,59,118
m,alston,58,60,118
m,jeriah,57,61,118
m,paolo,57,61,118
m,natan,56,62,118
m,selim,56,62,118
m,aziz,55,63,118
m,penn,55,63,118
m,bennet,54,64,118
m,conway,54,64,118
m,itzae,52,66,118
m,ranger,49,69,118
m,jahaziel,48,70,118
m,marlo,47,71,118
m,wylder,47,71,118
f,vanellope,68,49,117
f,kristiana,67,50,117
f,zaniah,67,50,117
f,mattison,66,51,117
f,cathy,64,53,117
f,lillee,64,53,117
f,naomy,64,53,117
f,lindy,61,56,117
f,emori,59,58,117
f,klarissa,59,58,117
f,nella,59,58,117
f,aulani,57,60,117
f,leylah,55,62,117
f,symone,52,65,117
m,anirudh,67,50,117
m,wynn,66,51,117
m,taiden,61,56,117
m,haris,60,57,117
m,blayze,57,60,117
m,jameer,56,61,117
m,eldon,54,63,117
m,jahari,53,64,117
m,azaan,48,69,117
m,devansh,48,69,117
f,laurie,70,46,116
f,amaryllis,69,47,116
f,alea,68,48,116
f,citlaly,65,51,116
f,jaydah,62,54,116
f,alize,61,55,116
f,caidence,61,55,116
f,elanor,61,55,116
f,kensi,61,55,116
f,maja,61,55,116
f,rayan,61,55,116
f,safia,61,55,116
f,lizette,59,57,116
f,nayomi,57,59,116
f,zya,54,62,116
f,maeleigh,52,64,116
f,yahaira,52,64,116
f,minerva,51,65,116
f,elvira,50,66,116
f,katya,48,68,116
m,jarrod,74,42,116
m,davonte,73,43,116
m,kadin,67,49,116
m,braylan,66,50,116
m,kaydin,65,51,116
m,elio,63,53,116
m,yuri,61,55,116
m,arin,60,56,116
m,geovanny,59,57,116
m,burke,58,58,116
m,tai,58,58,116
m,arlen,57,59,116
m,darrin,57,59,116
m,abdallah,56,60,116
m,huntley,55,61,116
m,mace,52,64,116
m,honor,46,70,116
m,brexton,42,74,116
f,kensie,67,48,115
f,annsley,65,50,115
f,makyla,64,51,115
f,zaylah,64,51,115
f,xenia,61,54,115
f,yessenia,61,54,115
f,delainey,59,56,115
f,porter,59,56,115
f,izzy,55,60,115
f,rosaleigh,55,60,115
f,syeda,54,61,115
f,zamora,54,61,115
f,maryah,52,63,115
m,madison,73,42,115
m,jafet,68,47,115
m,akhil,66,49,115
m,marques,63,52,115
m,kerry,62,53,115
m,kris,58,57,115
m,matt,57,58,115
m,zuriel,56,59,115
m,theodor,53,62,115
m,hazen,49,66,115
m,jalil,47,68,115
f,caitlynn,70,44,114
f,emree,64,50,114
f,kenadie,64,50,114
f,liesel,63,51,114
f,kiah,62,52,114
f,dinah,60,54,114
f,hiba,60,54,114
f,snow,59,55,114
f,nicolle,58,56,114
f,tierra,57,57,114
f,liora,56,58,114
f,simona,56,58,114
f,rhiley,54,60,114
f,dawsyn,50,64,114
f,micaiah,49,65,114
m,jadyn,71,43,114
m,adryan,63,51,114
m,kendric,63,51,114
m,dakoda,62,52,114
m,domenico,60,54,114
m,kaidan,60,54,114
m,laurence,59,55,114
m,emile,55,59,114
m,izrael,55,59,114
m,jareth,52,62,114
m,perseus,51,63,114
f,nadya,69,44,113
f,melanny,67,46,113
f,ysabella,65,48,113
f,lamya,64,49,113
f,bryana,63,50,113
f,melannie,63,50,113
f,kitana,62,51,113
f,estefani,61,52,113
f,makynzie,60,53,113
f,maylani,60,53,113
f,daylin,59,54,113
f,mckenzi,59,54,113
f,allana,56,57,113
f,charisma,54,59,113
f,jadelyn,54,59,113
f,kameron,54,59,113
f,lillyanne,53,60,113
f,gretta,51,62,113
f,ameliah,50,63,113
f,leiah,50,63,113
f,maven,44,69,113
f,advika,40,73,113
m,brennon,64,49,113
m,jeancarlos,63,50,113
m,kentrell,62,51,113
m,nabil,62,51,113
m,natanael,62,51,113
m,caine,60,53,113
m,harlen,59,54,113
m,tavin,58,55,113
m,dresden,57,56,113
m,karthik,56,57,113
m,avyaan,55,58,113
m,martez,54,59,113
m,stockton,54,59,113
m,jawad,53,60,113
m,kaizer,49,64,113
m,valen,49,64,113
f,eviana,63,49,112
f,alaska,61,51,112
f,evelynne,61,51,112
f,kami,61,51,112
f,leyah,60,52,112
f,amairany,59,53,112
f,eman,59,53,112
f,myracle,59,53,112
f,markayla,58,54,112
f,semaj,57,55,112
f,tristyn,57,55,112
f,naira,55,57,112
f,sahar,55,57,112
f,bentlee,53,59,112
f,jameson,53,59,112
f,ailey,52,60,112
f,kayliana,50,62,112
f,avelina,48,64,112
f,railyn,48,64,112
m,alekzander,62,50,112
m,arley,61,51,112
m,jordin,60,52,112
m,thane,58,54,112
m,domingo,57,55,112
m,eoin,57,55,112
m,romello,56,56,112
m,booker,54,58,112
m,basil,52,60,112
m,esdras,52,60,112
m,stefano,51,61,112
m,kaeson,50,62,112
m,branch,38,74,112
f,alliyah,63,48,111
f,dia,62,49,111
f,wednesday,61,50,111
f,israel,60,51,111
f,jenessa,59,52,111
f,caliana,57,54,111
f,kambri,55,56,111
f,violett,53,58,111
f,denim,49,62,111
f,amaira,48,63,111
m,zach,72,39,111
m,jermiah,67,44,111
m,esai,63,48,111
m,pete,62,49,111
m,tavion,59,52,111
m,alain,57,54,111
m,coltin,56,55,111
m,kodi,54,57,111
m,aariv,50,61,111
m,jaceion,50,61,111
m,keven,50,61,111
m,allister,46,65,111
m,khaza,34,77,111
m,aadvik,28,83,111
f,arantxa,76,34,110
f,maliha,66,44,110
f,solana,66,44,110
f,emmalin,64,46,110
f,saraya,62,48,110
f,skylyn,61,49,110
f,aleida,59,51,110
f,rylen,59,51,110
f,kaleigha,56,54,110
f,delany,53,57,110
f,ellisyn,53,57,110
f,aysha,51,59,110
f,kamia,50,60,110
f,kristy,50,60,110
f,hala,48,62,110
f,tierney,48,62,110
f,avionna,39,71,110
m,kharter,74,36,110
m,treyton,63,47,110
m,haden,62,48,110
m,eren,57,53,110
m,farhan,52,58,110
m,jaceyon,52,58,110
m,maxen,51,59,110
m,mazen,51,59,110
m,ameen,50,60,110
m,avett,50,60,110
m,vedant,50,60,110
m,iverson,46,64,110
f,alaynah,66,43,109
f,ambar,62,47,109
f,anamaria,60,49,109
f,brooklin,59,50,109
f,fabiana,59,50,109
f,kalista,59,50,109
f,amila,58,51,109
f,cailynn,58,51,109
f,ishani,58,51,109
f,bernice,56,53,109
f,marlei,55,54,109
f,tyanna,55,54,109
f,everlie,54,55,109
f,evey,54,55,109
f,amyrah,53,56,109
f,meira,53,56,109
f,janney,52,57,109
f,bradley,51,58,109
f,primrose,50,59,109
f,fayth,47,62,109
f,leigh,47,62,109
f,alyssia,46,63,109
f,alizabeth,44,65,109
m,deklin,68,41,109
m,dejuan,59,50,109
m,eshaan,54,55,109
m,edin,52,57,109
m,jullian,50,59,109
m,oshea,45,64,109
m,maverik,44,65,109
m,adhvik,36,73,109
m,alder,36,73,109
f,lexus,70,38,108
f,karol,66,42,108
f,daniya,62,46,108
f,kaylei,62,46,108
f,kaidyn,61,47,108
f,winry,60,48,108
f,lulu,59,49,108
f,mayzie,59,49,108
f,arleen,58,50,108
f,silvana,58,50,108
f,alaa,56,52,108
f,korbyn,56,52,108
f,siobhan,56,52,108
f,aryia,53,55,108
f,embry,52,56,108
f,nada,52,56,108
f,kalaya,51,57,108
f,leandra,50,58,108
f,amie,49,59,108
f,joni,47,61,108
f,rana,46,62,108
f,royce,46,62,108
f,seren,46,62,108
m,daylin,62,46,108
m,naftali,58,50,108
m,octavius,57,51,108
m,niall,55,53,108
m,shaquille,55,53,108
m,robinson,54,54,108
m,corben,53,55,108
m,gryffin,49,59,108
m,aren,44,64,108
m,makaio,41,67,108
f,devora,63,44,107
f,citlalli,62,45,107
f,paetyn,62,45,107
f,zahraa,62,45,107
f,britany,61,46,107
f,jaziyah,57,50,107
f,sunshine,57,50,107
f,ina,56,51,107
f,tenzin,56,51,107
f,anessa,54,53,107
f,tasneem,54,53,107
f,janette,53,54,107
f,cloe,51,56,107
f,jaide,51,56,107
f,jelena,49,58,107
f,keylin,48,59,107
f,wesley,44,63,107
f,zayleigh,41,66,107
m,jaren,67,40,107
m,parth,63,44,107
m,uziel,62,45,107
m,knight,57,50,107
m,kaizen,56,51,107
m,sagan,56,51,107
m,thompson,56,51,107
m,hawk,55,52,107
m,reef,51,56,107
m,kam,50,57,107
m,raziel,50,57,107
m,sol,48,59,107
m,aramis,47,60,107
m,remmy,46,61,107
m,von,45,62,107
m,cypress,43,64,107
f,adamari,63,43,106
f,chevy,62,44,106
f,corrine,59,47,106
f,rochelle,59,47,106
f,zena,57,49,106
f,roxie,55,51,106
f,emmanuelle,54,52,106
f,farida,54,52,106
f,brailyn,53,53,106
f,havana,52,54,106
f,xitlaly,52,54,106
f,amaiya,51,55,106
f,jadore,51,55,106
f,faiga,50,56,106
f,blakeleigh,48,58,106
f,indira,47,59,106
f,laela,46,60,106
f,lilliann,44,62,106
f,tammy,44,62,106
f,hendrix,43,63,106
f,taleen,43,63,106
f,dailyn,42,64,106
f,gigi,38,68,106
m,javien,61,45,106
m,keandre,59,47,106
m,joah,58,48,106
m,hero,57,49,106
m,lavon,57,49,106
m,sampson,56,50,106
m,kal,55,51,106
m,kamran,55,51,106
m,jamere,54,52,106
m,johannes,54,52,106
m,rayshawn,54,52,106
m,daylon,53,53,106
m,lisandro,53,53,106
m,cylus,52,54,106
m,claude,51,55,106
m,keshav,51,55,106
m,salim,51,55,106
m,edson,50,56,106
m,atom,49,57,106
m,fabio,48,58,106
m,ronny,48,58,106
m,jibril,45,61,106
m,jennings,44,62,106
m,naksh,41,65,106
m,kanan,39,67,106
m,eesa,36,70,106
m,ayaansh,32,74,106
m,egypt,29,77,106
f,evy,61,44,105
f,delphine,60,45,105
f,karrington,60,45,105
f,malea,59,46,105
f,olga,59,46,105
f,jaeda,58,47,105
f,lariah,57,48,105
f,angelyn,56,49,105
f,aralyn,56,49,105
f,samirah,55,50,105
f,sayuri,54,51,105
f,monae,52,53,105
f,bayla,51,54,105
f,diem,51,54,105
f,eastyn,51,54,105
f,beautiful,50,55,105
f,aylen,49,56,105
f,rayah,49,56,105
f,hindy,46,59,105
f,una,45,60,105
m,braedon,68,37,105
m,dayson,67,38,105
m,cruze,66,39,105
m,rider,60,45,105
m,yadier,60,45,105
m,armon,58,47,105
m,jody,57,48,105
m,sir,55,50,105
m,caelan,53,52,105
m,kendell,53,52,105
m,holland,50,55,105
m,roosevelt,50,55,105
m,jaice,49,56,105
m,kingsten,49,56,105
m,tamim,49,56,105
m,jasir,46,59,105
f,brileigh,65,39,104
f,auden,63,41,104
f,ayelen,63,41,104
f,elizabella,62,42,104
f,macyn,62,42,104
f,khole,61,43,104
f,divya,58,46,104
f,kyliee,58,46,104
f,ezri,55,49,104
f,trinitee,55,49,104
f,rosy,53,51,104
f,audri,51,53,104
f,calia,51,53,104
f,cing,51,53,104
f,aleina,49,55,104
f,lisbeth,49,55,104
f,delani,47,57,104
f,nallely,47,57,104
f,rainey,44,60,104
f,james,39,65,104
f,aavya,24,80,104
m,asael,66,38,104
m,ashten,61,43,104
m,garret,61,43,104
m,taven,60,44,104
m,percy,58,46,104
m,ziyad,58,46,104
m,aman,55,49,104
m,benji,55,49,104
m,kegan,55,49,104
m,geno,54,50,104
m,mykah,54,50,104
m,leviticus,53,51,104
m,mehki,51,53,104
m,slater,49,55,104
m,dyllan,47,57,104
m,jiraiya,45,59,104
m,yasser,44,60,104
f,adamaris,64,39,103
f,azlyn,64,39,103
f,kailah,64,39,103
f,malorie,63,40,103
f,kyle,60,43,103
f,catalaya,52,51,103
f,darianna,52,51,103
f,liara,50,53,103
f,katherin,49,54,103
f,kaycie,49,54,103
f,amberlynn,48,55,103
f,shylah,48,55,103
f,aaryn,46,57,103
f,indy,46,57,103
f,kaelani,42,61,103
f,winona,37,66,103
m,broden,59,44,103
m,saeed,59,44,103
m,devlin,58,45,103
m,linkoln,54,49,103
m,kasper,53,50,103
m,tarik,51,52,103
m,deagan,50,53,103
m,laron,50,53,103
m,neev,49,54,103
m,niles,49,54,103
m,ted,48,55,103
m,colden,47,56,103
m,levy,47,56,103
m,abbott,45,58,103
m,stiles,44,59,103
m,alpha,43,60,103
m,wali,39,64,103
f,cathryn,63,39,102
f,madisen,61,41,102
f,aiden,60,42,102
f,ellah,60,42,102
f,jackelyn,59,43,102
f,tylee,59,43,102
f,ciana,56,46,102
f,daiana,56,46,102
f,aaniyah,54,48,102
f,aubrei,54,48,102
f,cayden,54,48,102
f,amen,52,50,102
f,azra,52,50,102
f,brecklyn,52,50,102
f,joie,51,51,102
f,polly,51,51,102
f,landri,50,52,102
f,ara,49,53,102
f,sofiya,49,53,102
f,tatianna,49,53,102
f,alizah,48,54,102
f,dylann,47,55,102
f,gala,47,55,102
f,kalayah,47,55,102
f,tamera,47,55,102
f,karime,46,56,102
f,leonie,39,63,102
f,aryn,38,64,102
f,teigen,29,73,102
m,cutter,68,34,102
m,shelton,62,40,102
m,rayaan,57,45,102
m,ozzie,56,46,102
m,collier,55,47,102
m,devontae,54,48,102
m,demir,52,50,102
m,braven,51,51,102
m,haider,50,52,102
m,kristofer,50,52,102
m,chasen,45,57,102
m,haroon,44,58,102
m,liev,44,58,102
f,marisela,61,40,101
f,kendyll,59,42,101
f,becky,58,43,101
f,breckyn,56,45,101
f,alysha,54,47,101
f,amilya,53,48,101
f,iyonna,53,48,101
f,naliyah,53,48,101
f,sora,53,48,101
f,candy,52,49,101
f,gabriel,52,49,101
f,ryah,50,51,101
f,alysia,48,53,101
f,joleigh,43,58,101
f,francisca,42,59,101
f,landree,42,59,101
f,maris,41,60,101
f,bostyn,40,61,101
m,jeter,69,32,101
m,true,57,44,101
m,elwood,52,49,101
m,archibald,50,51,101
m,kamal,50,51,101
m,naeem,50,51,101
m,nathanial,50,51,101
m,ori,50,51,101
m,truth,50,51,101
m,mervin,48,53,101
m,tyren,43,58,101
f,alynna,64,36,100
f,cedar,60,40,100
f,izabell,60,40,100
f,esha,55,45,100
f,sima,54,46,100
f,dayla,53,47,100
f,brenley,52,48,100
f,zada,52,48,100
f,ailee,51,49,100
f,leeah,51,49,100
f,makiah,51,49,100
f,aashi,50,50,100
f,vanna,49,51,100
f,graycen,47,53,100
f,laia,45,55,100
f,vesper,45,55,100
f,lexa,42,58,100
f,zaryah,41,59,100
f,maxwell,40,60,100
f,nazareth,36,64,100
m,erin,59,41,100
m,mikhael,56,44,100
m,jasen,55,45,100
m,rustin,53,47,100
m,sai,52,48,100
m,kemari,51,49,100
m,kroy,51,49,100
m,surya,51,49,100
m,shai,50,50,100
m,pearson,49,51,100
m,akram,48,52,100
m,darrion,48,52,100
m,shulem,48,52,100
m,erwin,47,53,100
m,jade,47,53,100
m,mathieu,47,53,100
m,yuvaan,29,71,100
f,chelsie,65,34,99
f,arsema,60,39,99
f,britta,58,41,99
f,shaelynn,57,42,99
f,aislin,55,44,99
f,jakiyah,54,45,99
f,raylyn,54,45,99
f,aiva,53,46,99
f,monserrath,53,46,99
f,ahna,52,47,99
f,bryar,50,49,99
f,lamiyah,50,49,99
f,coralyn,49,50,99
f,honey,49,50,99
f,aleya,48,51,99
f,kateri,47,52,99
f,orianna,47,52,99
f,aurielle,46,53,99
f,maha,46,53,99
f,lakelynn,44,55,99
f,sirena,44,55,99
f,eshaal,43,56,99
f,rio,38,61,99
m,tayson,67,32,99
m,talen,58,41,99
m,kirby,55,44,99
m,brison,54,45,99
m,leslie,54,45,99
m,quinlan,51,48,99
m,andersen,50,49,99
m,kavion,50,49,99
m,zamarion,50,49,99
m,oaklee,49,50,99
m,sahir,47,52,99
m,kidus,44,55,99
m,advaith,43,56,99
m,lucky,43,56,99
m,makari,42,57,99
m,shivansh,42,57,99
m,cassidy,41,58,99
f,destiney,66,32,98
f,lakynn,59,39,98
f,julisa,58,40,98
f,sephora,58,40,98
f,aliannah,57,41,98
f,jalisa,57,41,98
f,kaniya,57,41,98
f,layton,56,42,98
f,pandora,55,43,98
f,talitha,55,43,98
f,breanne,54,44,98
f,soliana,54,44,98
f,reema,53,45,98
f,ellora,52,46,98
f,karsen,50,48,98
f,tahiry,50,48,98
f,madelin,49,49,98
f,hayzel,48,50,98
f,madelynne,48,50,98
f,carmyn,47,51,98
f,leonora,47,51,98
f,amoni,46,52,98
f,chany,44,54,98
f,griselda,44,54,98
f,mirabel,44,54,98
f,abigael,42,56,98
f,mishka,42,56,98
f,aleeza,40,58,98
f,eimy,40,58,98
f,emelie,39,59,98
f,ellarose,37,61,98
f,aaria,36,62,98
m,adyn,59,39,98
m,cedrick,58,40,98
m,kolin,58,40,98
m,camdon,57,41,98
m,eligh,55,43,98
m,varun,54,44,98
m,bayne,52,46,98
m,alen,51,47,98
m,makhai,49,49,98
m,ethyn,47,51,98
m,wilfredo,45,53,98
m,kassius,44,54,98
m,vander,44,54,98
m,aadi,43,55,98
m,kit,40,58,98
f,kimberlee,62,35,97
f,makynlee,61,36,97
f,brithany,56,41,97
f,chole,55,42,97
f,allyssa,53,44,97
f,tanisha,53,44,97
f,analiese,52,45,97
f,alaynna,51,46,97
f,brailey,51,46,97
f,gisela,51,46,97
f,sianna,51,46,97
f,honesti,50,47,97
f,gwenevere,49,48,97
f,keisy,49,48,97
f,lillianne,49,48,97
f,rhoda,47,50,97
f,teyana,47,50,97
f,carolynn,46,51,97
f,ryland,46,51,97
f,aziza,45,52,97
f,elva,44,53,97
f,mei,44,53,97
f,nadiya,44,53,97
f,scottie,44,53,97
f,jayline,42,55,97
f,bayley,41,56,97
f,october,41,56,97
f,nikole,40,57,97
m,maliki,58,39,97
m,avan,57,40,97
m,pryce,57,40,97
m,zaki,54,43,97
m,collins,52,45,97
m,rodrick,51,46,97
m,creighton,50,47,97
m,keion,50,47,97
m,adem,49,48,97
m,keilan,49,48,97
m,artem,48,49,97
m,musab,47,50,97
m,ravi,47,50,97
m,jacion,46,51,97
m,keiran,43,54,97
m,clarke,36,61,97
m,keylor,29,68,97
f,cate,59,37,96
f,kalie,58,38,96
f,jewels,57,39,96
f,mikah,56,40,96
f,lisette,55,41,96
f,mckynlee,54,42,96
f,jayci,53,43,96
f,mea,53,43,96
f,shanelle,53,43,96
f,tyla,51,45,96
f,lya,50,46,96
f,kaili,49,47,96
f,stefanie,49,47,96
f,kimberlynn,48,48,96
f,mayleigh,48,48,96
f,zeynep,48,48,96
f,raizel,47,49,96
f,jamilah,46,50,96
f,myrah,45,51,96
f,bronwyn,44,52,96
f,joselynn,43,53,96
f,zaliyah,43,53,96
f,tinlee,42,54,96
f,jeslyn,41,55,96
f,amberlyn,40,56,96
f,jaleesa,40,56,96
f,raniya,36,60,96
f,zeina,35,61,96
m,lyrik,56,40,96
m,nyjah,55,41,96
m,armoni,53,43,96
m,bennie,52,44,96
m,indigo,52,44,96
m,ronen,52,44,96
m,stratton,52,44,96
m,regan,50,46,96
m,javan,49,47,96
m,kamil,49,47,96
m,alastair,47,49,96
m,favian,47,49,96
m,demond,46,50,96
m,eliah,46,50,96
m,gio,46,50,96
m,gotham,46,50,96
m,terrion,46,50,96
m,tyron,46,50,96
m,clement,44,52,96
m,riggins,44,52,96
m,abubakar,43,53,96
m,jomar,41,55,96
m,avin,40,56,96
f,jaymie,58,37,95
f,henlee,53,42,95
f,macee,53,42,95
f,misty,52,43,95
f,mykah,52,43,95
f,roya,50,45,95
f,serinity,50,45,95
f,leeanna,49,46,95
f,rahaf,49,46,95
f,aisling,48,47,95
f,analicia,48,47,95
f,luana,48,47,95
f,vail,48,47,95
f,lariyah,47,48,95
f,mai,46,49,95
f,stefania,46,49,95
f,arwa,45,50,95
f,sapphira,45,50,95
f,shaylynn,45,50,95
f,taegan,45,50,95
f,madaline,43,52,95
f,yelena,39,56,95
f,cambri,36,59,95
m,hutson,60,35,95
m,unknown,56,39,95
m,cove,53,42,95
m,thayer,51,44,95
m,xayden,51,44,95
m,sydney,49,46,95
m,boris,48,47,95
m,deondre,48,47,95
m,roen,45,50,95
m,harun,44,51,95
m,zaedyn,44,51,95
m,larkin,42,53,95
m,mckay,41,54,95
m,deniz,39,56,95
m,asiel,35,60,95
f,yazaira,81,13,94
f,zamira,60,34,94
f,sincere,55,39,94
f,elyanna,53,41,94
f,jorja,53,41,94
f,kaleena,53,41,94
f,vanesa,53,41,94
f,aline,51,43,94
f,miamor,51,43,94
f,wynn,51,43,94
f,caris,50,44,94
f,josalyn,50,44,94
f,kambria,49,45,94
f,kenzlie,48,46,94
f,lucca,48,46,94
f,siham,48,46,94
f,miangel,47,47,94
f,adelaida,46,48,94
f,everett,45,49,94
f,keilyn,45,49,94
f,tynlee,45,49,94
f,alaysha,44,50,94
f,braylie,44,50,94
f,addy,41,53,94
f,anela,41,53,94
f,ellamae,41,53,94
f,kelani,38,56,94
f,onyx,38,56,94
m,aydenn,60,34,94
m,javin,58,36,94
m,sven,58,36,94
m,gaven,55,39,94
m,denton,52,42,94
m,damarcus,50,44,94
m,iain,50,44,94
m,montrell,50,44,94
m,jeriel,49,45,94
m,teague,49,45,94
m,auron,47,47,94
m,khaleb,47,47,94
m,tarek,46,48,94
m,jahmari,45,49,94
m,javonte,45,49,94
m,haziel,44,50,94
m,mikail,42,52,94
m,yunus,42,52,94
m,joell,41,53,94
m,ivaan,35,59,94
m,viraaj,33,61,94
f,brystal,59,34,93
f,sicily,57,36,93
f,mayleen,53,40,93
f,jaziah,50,43,93
f,pilar,50,43,93
f,sania,49,44,93
f,truly,49,44,93
f,goldy,48,45,93
f,karisma,48,45,93
f,an,47,46,93
f,jaylanie,47,46,93
f,sena,47,46,93
f,swayze,46,47,93
f,victory,46,47,93
f,yazmine,45,48,93
f,kellie,44,49,93
f,vale,44,49,93
f,madden,42,51,93
f,louella,41,52,93
f,queenie,41,52,93
f,hollyn,37,56,93
f,yatzil,37,56,93
f,gretel,36,57,93
f,quinley,36,57,93
m,amadou,56,37,93
m,trevion,56,37,93
m,jerrick,55,38,93
m,trevin,55,38,93
m,kemper,54,39,93
m,demitri,49,44,93
m,monty,48,45,93
m,shourya,48,45,93
m,owyn,47,46,93
m,geronimo,46,47,93
m,christofer,45,48,93
m,rasheed,45,48,93
m,romel,45,48,93
m,fenix,44,49,93
m,fritz,43,50,93
m,timur,42,51,93
m,vikram,41,52,93
m,yannick,39,54,93
m,evans,38,55,93
m,kashmir,37,56,93
f,ailin,59,33,92
f,ashlin,56,36,92
f,zyra,54,38,92
f,magali,51,41,92
f,mahi,51,41,92
f,rozlynn,51,41,92
f,fannie,50,42,92
f,ryker,49,43,92
f,jalia,48,44,92
f,maddalyn,48,44,92
f,zaylie,48,44,92
f,monika,47,45,92
f,kimani,46,46,92
f,keturah,44,48,92
f,aeryn,43,49,92
f,anari,43,49,92
f,aveah,42,50,92
f,baleigh,42,50,92
f,bianka,41,51,92
f,dayra,41,51,92
f,jentry,41,51,92
f,lyndsey,41,51,92
f,eriana,40,52,92
f,auri,36,56,92
f,anaisha,32,60,92
m,renato,50,42,92
m,aleczander,49,43,92
m,delano,49,43,92
m,eloy,49,43,92
m,uzziah,49,43,92
m,mylan,48,44,92
m,graeson,47,45,92
m,berkley,46,46,92
m,rayland,46,46,92
m,ferris,45,47,92
m,baylen,43,49,92
m,shamir,43,49,92
m,joao,41,51,92
m,macen,40,52,92
m,kyngston,39,53,92
f,khloey,61,30,91
f,bay,58,33,91
f,oaklie,58,33,91
f,emmah,57,34,91
f,lenox,54,37,91
f,maisey,54,37,91
f,marely,54,37,91
f,jozie,53,38,91
f,raygan,53,38,91
f,deena,50,41,91
f,janine,50,41,91
f,holley,49,42,91
f,shalom,49,42,91
f,lake,48,43,91
f,talayah,48,43,91
f,damya,46,45,91
f,haneen,45,46,91
f,leilanie,45,46,91
f,jayana,42,49,91
f,emilynn,41,50,91
f,leni,40,51,91
f,naisha,40,51,91
f,michal,38,53,91
f,zoelle,37,54,91
m,brantly,62,29,91
m,tyus,60,31,91
m,trae,53,38,91
m,takoda,51,40,91
m,ladarius,47,44,91
m,christos,44,47,91
m,eyan,44,47,91
m,willard,44,47,91
m,hagan,43,48,91
m,mika,43,48,91
m,timber,40,51,91
m,haddon,39,52,91
m,maysen,39,52,91
m,riddick,39,52,91
m,ryne,34,57,91
f,avri,55,35,90
f,anushka,53,37,90
f,makaylee,53,37,90
f,gittel,51,39,90
f,atley,50,40,90
f,aysia,50,40,90
f,azucena,48,42,90
f,reegan,48,42,90
f,aletheia,47,43,90
f,leiana,47,43,90
f,kamrynn,45,45,90
f,sereniti,45,45,90
f,vaeda,45,45,90
f,perri,44,46,90
f,rosella,44,46,90
f,dayna,43,47,90
f,harlowe,43,47,90
f,raelynne,43,47,90
f,aleyza,42,48,90
f,zenobia,42,48,90
f,alizae,41,49,90
f,silver,40,50,90
f,olympia,39,51,90
f,adora,37,53,90
f,blima,36,54,90
f,zhuri,32,58,90
f,yamila,14,76,90
m,javeon,56,34,90
m,chauncey,55,35,90
m,copeland,52,38,90
m,jamier,52,38,90
m,michaelangelo,52,38,90
m,tejas,51,39,90
m,ebenezer,49,41,90
m,edan,49,41,90
m,jerrell,49,41,90
m,zacchaeus,49,41,90
m,jaxten,48,42,90
m,baruch,47,43,90
m,kaydence,46,44,90
m,ahron,45,45,90
m,dylon,45,45,90
m,hardy,43,47,90
m,nikolaos,42,48,90
m,sailor,42,48,90
m,saxon,42,48,90
m,binyamin,40,50,90
m,vidal,40,50,90
m,price,38,52,90
f,deonna,58,31,89
f,raylan,57,32,89
f,raylen,55,34,89
f,brailee,54,35,89
f,mathilda,52,37,89
f,emmelyn,49,40,89
f,ena,49,40,89
f,morrigan,48,41,89
f,mischa,47,42,89
f,aundrea,45,44,89
f,gray,45,44,89
f,tailynn,45,44,89
f,karah,44,45,89
f,lenna,44,45,89
f,nubia,44,45,89
f,kay,43,46,89
f,valkyrie,41,48,89
f,khloie,40,49,89
f,ailany,39,50,89
f,debra,38,51,89
f,odalys,38,51,89
f,blakelynn,36,53,89
m,adair,56,33,89
m,christiano,53,36,89
m,hershel,49,40,89
m,imari,49,40,89
m,arav,46,43,89
m,ashtin,46,43,89
m,didier,46,43,89
m,rhydian,46,43,89
m,suleiman,46,43,89
m,giovonni,45,44,89
m,jamin,45,44,89
m,rebel,45,44,89
m,ziggy,44,45,89
m,tahir,43,46,89
m,amado,42,47,89
m,aviel,42,47,89
m,drayton,41,48,89
m,yerik,41,48,89
m,aslan,40,49,89
m,neftali,39,50,89
m,sevyn,39,50,89
f,aniyla,53,35,88
f,caylin,53,35,88
f,janay,53,35,88
f,kyli,53,35,88
f,grayce,52,36,88
f,makaela,52,36,88
f,cesia,51,37,88
f,paislie,51,37,88
f,saray,50,38,88
f,starla,50,38,88
f,hilda,49,39,88
f,suzette,49,39,88
f,zyanna,49,39,88
f,avrie,48,40,88
f,aanvi,47,41,88
f,nawal,47,41,88
f,khylie,45,43,88
f,nithya,45,43,88
f,ahri,44,44,88
f,breelynn,44,44,88
f,amalie,43,45,88
f,emari,43,45,88
f,cydney,40,48,88
f,malin,40,48,88
f,zamya,40,48,88
f,avika,38,50,88
f,alanie,37,51,88
f,giavonna,37,51,88
f,aris,32,56,88
f,arlo,32,56,88
f,letti,31,57,88
m,claudio,55,33,88
m,tavon,53,35,88
m,daemon,50,38,88
m,kendal,49,39,88
m,malcom,49,39,88
m,javari,48,40,88
m,armand,47,41,88
m,dequan,47,41,88
m,atharva,46,42,88
m,karmelo,46,42,88
m,lowell,46,42,88
m,wisdom,45,43,88
m,jarred,43,45,88
m,riyaan,43,45,88
m,hamzah,42,46,88
m,sherman,42,46,88
m,aurelius,40,48,88
m,reyan,40,48,88
m,darrian,39,49,88
m,jahleel,37,51,88
m,lucious,37,51,88
m,kylon,34,54,88
m,rakan,34,54,88
m,franky,31,57,88
f,jena,53,34,87
f,renae,52,35,87
f,alysa,51,36,87
f,clarity,51,36,87
f,evette,48,39,87
f,kylei,48,39,87
f,caileigh,47,40,87
f,jai,45,42,87
f,caterina,44,43,87
f,maida,44,43,87
f,noora,44,43,87
f,constanza,43,44,87
f,divina,42,45,87
f,kahlia,42,45,87
f,vianna,42,45,87
f,nayely,40,47,87
f,daliah,39,48,87
f,leighla,39,48,87
f,azuri,38,49,87
f,addeline,36,51,87
f,teagen,36,51,87
f,elara,32,55,87
m,akshaj,51,36,87
m,justyn,49,38,87
m,ameir,48,39,87
m,coulson,48,39,87
m,yasiel,48,39,87
m,cornell,47,40,87
m,zaeden,47,40,87
m,abimael,46,41,87
m,jabril,44,43,87
m,krue,44,43,87
m,murray,44,43,87
m,cavan,43,44,87
m,nahom,43,44,87
m,naim,42,45,87
m,demian,40,47,87
m,lino,40,47,87
m,tory,40,47,87
m,xavien,40,47,87
m,esau,39,48,87
m,abhay,38,49,87
m,reeve,37,50,87
m,marwan,36,51,87
m,zaydan,36,51,87
m,octavian,31,56,87
f,keisha,59,27,86
f,neela,59,27,86
f,brantley,55,31,86
f,dayani,54,32,86
f,amillia,53,33,86
f,alexxa,52,34,86
f,auburn,52,34,86
f,alinah,50,36,86
f,dezirae,50,36,86
f,liesl,50,36,86
f,meila,49,37,86
f,addysen,46,40,86
f,angelika,46,40,86
f,bliss,46,40,86
f,graciella,46,40,86
f,jacklynn,46,40,86
f,janell,44,42,86
f,kimberley,44,42,86
f,maiah,43,43,86
f,camari,42,44,86
f,jailah,42,44,86
f,zari,42,44,86
f,zayah,41,45,86
f,avie,40,46,86
f,jessalynn,40,46,86
f,jenavieve,39,47,86
f,noura,39,47,86
f,boston,37,49,86
f,chassidy,35,51,86
f,anabia,32,54,86
f,dynasty,32,54,86
m,stewart,54,32,86
m,kamrin,50,36,86
m,dedrick,47,39,86
m,efraim,47,39,86
m,keyan,47,39,86
m,ayrton,46,40,86
m,jansen,46,40,86
m,rusty,46,40,86
m,yovani,46,40,86
m,amaziah,45,41,86
m,leopoldo,45,41,86
m,jacorey,44,42,86
m,perrin,44,42,86
m,anwar,43,43,86
m,taim,43,43,86
m,waylan,43,43,86
m,kobi,42,44,86
m,rony,41,45,86
m,usman,40,46,86
m,jahdiel,39,47,86
m,ron,39,47,86
m,bodi,38,48,86
m,leobardo,38,48,86
m,kwame,35,51,86
f,kiyomi,54,31,85
f,demetria,52,33,85
f,tayah,51,34,85
f,lakota,47,38,85
f,abbigale,46,39,85
f,jamison,46,39,85
f,kynley,46,39,85
f,golda,45,40,85
f,kayle,45,40,85
f,nihira,45,40,85
f,rubie,45,40,85
f,beau,44,41,85
f,clarice,42,43,85
f,daya,42,43,85
f,genessis,42,43,85
f,kalila,42,43,85
f,malayna,42,43,85
f,amore,41,44,85
f,marly,40,45,85
f,monet,40,45,85
f,roma,40,45,85
f,fatou,39,46,85
f,gianella,35,50,85
f,naina,35,50,85
f,landon,32,53,85
m,jhase,52,33,85
m,montez,50,35,85
m,tysen,50,35,85
m,maleek,47,38,85
m,trysten,45,40,85
m,zaydin,45,40,85
m,lakota,44,41,85
m,shmiel,44,41,85
m,emari,43,42,85
m,lyon,43,42,85
m,saleem,42,43,85
m,liem,41,44,85
m,rihaan,41,44,85
m,sutter,41,44,85
m,truitt,41,44,85
m,naveen,40,45,85
m,rye,40,45,85
m,riyansh,39,46,85
m,charbel,36,49,85
m,emry,36,49,85
m,jayshawn,34,51,85
m,olen,33,52,85
m,rashid,33,52,85
m,steel,33,52,85
f,kenzy,57,27,84
f,hinda,50,34,84
f,messiah,49,35,84
f,gabby,48,36,84
f,adriel,47,37,84
f,greyson,46,38,84
f,neha,46,38,84
f,yanet,46,38,84
f,jocelyne,44,40,84
f,kymani,43,41,84
f,maureen,43,41,84
f,shawna,43,41,84
f,maeva,42,42,84
f,maryanne,42,42,84
f,zoha,42,42,84
f,amena,41,43,84
f,lanae,41,43,84
f,rhema,41,43,84
f,evyn,39,45,84
f,lian,39,45,84
f,airabella,38,46,84
f,alaiah,38,46,84
f,reaghan,38,46,84
f,myiah,37,47,84
f,jessenia,35,49,84
f,caraline,30,54,84
m,deaglan,50,34,84
m,janiel,50,34,84
m,dusty,48,36,84
m,jancarlos,48,36,84
m,jaydyn,48,36,84
m,macario,48,36,84
m,jayceion,47,37,84
m,arron,46,38,84
m,trenten,46,38,84
m,jarell,45,39,84
m,usher,45,39,84
m,corwin,43,41,84
m,jahsiah,43,41,84
m,cyril,42,42,84
m,jim,42,42,84
m,kruze,42,42,84
m,bowman,41,43,84
m,akshay,40,44,84
m,cainan,38,46,84
m,whitaker,37,47,84
m,yug,36,48,84
m,dietrich,28,56,84
f,shakira,56,27,83
f,liba,50,33,83
f,tamiya,49,34,83
f,valarie,49,34,83
f,jaedyn,48,35,83
f,payslee,48,35,83
f,dagny,46,37,83
f,alecia,45,38,83
f,anyah,45,38,83
f,jaylie,45,38,83
f,beth,44,39,83
f,adelin,43,40,83
f,juliett,43,40,83
f,kynzie,43,40,83
f,maribelle,43,40,83
f,jasper,42,41,83
f,yohana,42,41,83
f,gaby,41,42,83
f,vittoria,41,42,83
f,cypress,40,43,83
f,haylen,40,43,83
f,kamara,40,43,83
f,leonor,40,43,83
f,darya,39,44,83
f,erianna,39,44,83
f,gracee,39,44,83
f,shivani,39,44,83
f,rafaela,38,45,83
f,evanna,37,46,83
f,moxie,36,47,83
f,amariyah,35,48,83
f,dolores,33,50,83
f,cristel,28,55,83
m,blayden,51,32,83
m,tuff,50,33,83
m,jhonny,49,34,83
m,rhylan,48,35,83
m,cortland,46,37,83
m,izak,46,37,83
m,kaito,46,37,83
m,carlito,45,38,83
m,jashawn,44,39,83
m,johnluke,44,39,83
m,demarius,43,40,83
m,kaydan,43,40,83
m,mahlon,43,40,83
m,dutch,42,41,83
m,summit,42,41,83
m,keyshawn,41,42,83
m,reyaan,41,42,83
m,eliazar,40,43,83
m,gamaliel,40,43,83
m,jaxtyn,40,43,83
m,banner,39,44,83
m,jaythan,38,45,83
m,rylin,38,45,83
m,bransen,37,46,83
m,jibreel,37,46,83
m,larson,37,46,83
m,antoni,36,47,83
m,haze,35,48,83
m,levin,32,51,83
m,kreed,28,55,83
m,mars,27,56,83
f,hilary,56,26,82
f,sanjana,51,31,82
f,adrina,49,33,82
f,kalise,47,35,82
f,kendalyn,46,36,82
f,venice,45,37,82
f,alara,44,38,82
f,arlyn,44,38,82
f,brynne,44,38,82
f,jaicee,44,38,82
f,korah,44,38,82
f,dariyah,43,39,82
f,aicha,42,40,82
f,cherry,42,40,82
f,sydni,42,40,82
f,chloey,41,41,82
f,kylan,41,41,82
f,xaria,41,41,82
f,luiza,40,42,82
f,airam,39,43,82
f,corrie,39,43,82
f,marcia,39,43,82
f,reginae,39,43,82
f,rosetta,39,43,82
f,ayala,38,44,82
f,divinity,38,44,82
f,neely,38,44,82
f,eldana,37,45,82
f,emy,37,45,82
f,camiyah,34,48,82
f,nayelli,33,49,82
f,aahana,31,51,82
f,eveline,30,52,82
f,hudsyn,30,52,82
m,adon,49,33,82
m,binyomin,48,34,82
m,jakson,48,34,82
m,mattox,47,35,82
m,edrick,46,36,82
m,mikko,44,38,82
m,japheth,43,39,82
m,jonny,43,39,82
m,fares,42,40,82
m,luqman,42,40,82
m,ryken,41,41,82
m,blane,39,43,82
m,jayvien,39,43,82
m,dakotah,38,44,82
m,elden,38,44,82
m,tymir,38,44,82
m,axyl,37,45,82
m,lou,37,45,82
m,maximilliano,37,45,82
m,lexington,36,46,82
m,matheus,36,46,82
m,oakland,36,46,82
m,theophilus,34,48,82
f,corrina,49,32,81
f,naiomi,48,33,81
f,avagrace,46,35,81
f,kaylan,46,35,81
f,colby,45,36,81
f,eleana,45,36,81
f,lundyn,44,37,81
f,reeva,44,37,81
f,aylani,43,38,81
f,braylen,43,38,81
f,jodi,43,38,81
f,chloie,42,39,81
f,mykayla,42,39,81
f,terri,42,39,81
f,blossom,41,40,81
f,mishika,41,40,81
f,eulalia,40,41,81
f,lyriq,40,41,81
f,tamiyah,40,41,81
f,amity,39,42,81
f,emileigh,39,42,81
f,esty,39,42,81
f,jalyssa,39,42,81
f,keaton,39,42,81
f,kyree,39,42,81
f,atara,38,43,81
f,bralynn,38,43,81
f,dorothea,38,43,81
f,hennessy,38,43,81
f,jizelle,38,43,81
f,wisdom,38,43,81
f,ainhoa,36,45,81
f,harli,33,48,81
f,oluwadarasimi,33,48,81
f,raeya,32,49,81
f,khori,31,50,81
m,vinny,49,32,81
m,tiernan,46,35,81
m,williams,45,36,81
m,isac,42,39,81
m,lipa,42,39,81
m,parks,42,39,81
m,jaymes,41,40,81
m,jayvin,41,40,81
m,marty,41,40,81
m,nino,41,40,81
m,lyncoln,40,41,81
m,decklan,39,42,81
m,edric,39,42,81
m,chet,37,44,81
m,crimson,37,44,81
m,virat,37,44,81
m,eliab,35,46,81
m,abdias,33,48,81
m,shayaan,33,48,81
m,vihan,33,48,81
f,avari,50,30,80
f,maddyson,49,31,80
f,tru,49,31,80
f,adalene,46,34,80
f,pessy,46,34,80
f,ziah,45,35,80
f,evianna,44,36,80
f,manal,44,36,80
f,shelly,44,36,80
f,heavenlee,43,37,80
f,saron,43,37,80
f,adalena,42,38,80
f,ahlam,42,38,80
f,avarose,42,38,80
f,andee,41,39,80
f,elianah,41,39,80
f,oliviah,41,39,80
f,angeles,40,40,80
f,kacy,40,40,80
f,kadyn,40,40,80
f,zaara,40,40,80
f,kynlie,39,41,80
f,nashla,39,41,80
f,maddelyn,38,42,80
f,dena,37,43,80
f,emersen,37,43,80
f,evalee,37,43,80
f,mallie,37,43,80
f,passion,37,43,80
f,sonora,37,43,80
f,jadelynn,36,44,80
f,brynnleigh,35,45,80
f,niamh,35,45,80
f,zoei,34,46,80
f,naylah,32,48,80
f,queena,30,50,80
f,kahlani,25,55,80
m,macon,48,32,80
m,matix,48,32,80
m,adil,46,34,80
m,bladen,45,35,80
m,dakarai,45,35,80
m,khayden,45,35,80
m,akash,44,36,80
m,konstantin,44,36,80
m,randolph,44,36,80
m,braydin,42,38,80
m,geovany,42,38,80
m,hanson,42,38,80
m,adel,41,39,80
m,bricen,41,39,80
m,jrue,40,40,80
m,anibal,39,41,80
m,dayne,39,41,80
m,edgardo,39,41,80
m,wayland,39,41,80
m,jae,38,42,80
m,latrell,38,42,80
m,moussa,38,42,80
m,kaidence,37,43,80
m,zavien,37,43,80
m,ethaniel,36,44,80
m,kanyon,36,44,80
m,kota,36,44,80
m,yitzchak,36,44,80
m,zidane,36,44,80
m,bryston,34,46,80
m,iver,33,47,80
m,harland,31,49,80
m,aadyn,29,51,80
m,prestyn,28,52,80
m,bellamy,24,56,80
f,meryl,50,29,79
f,katlyn,49,30,79
f,clair,48,31,79
f,cree,46,33,79
f,jaliah,46,33,79
f,ramiyah,46,33,79
f,eleyna,44,35,79
f,kerrington,44,35,79
f,zophia,44,35,79
f,arriana,43,36,79
f,jaymee,43,36,79
f,lumen,43,36,79
f,marlyn,42,37,79
f,sanya,42,37,79
f,keri,40,39,79
f,ami,39,40,79
f,damia,39,40,79
f,fraidy,39,40,79
f,kasandra,39,40,79
f,ilianna,38,41,79
f,janya,38,41,79
f,rianna,38,41,79
f,zori,38,41,79
f,raegen,37,42,79
f,tariah,37,42,79
f,kamyla,36,43,79
f,jemima,35,44,79
f,rayla,35,44,79
f,sidra,35,44,79
f,lynley,34,45,79
f,aalia,33,46,79
f,emaleigh,31,48,79
f,mahira,30,49,79
m,denny,48,31,79
m,galen,47,32,79
m,ajani,46,33,79
m,kaylen,44,35,79
m,theseus,44,35,79
m,dino,43,36,79
m,fabrizio,43,36,79
m,aziah,42,37,79
m,courtland,42,37,79
m,xzander,42,37,79
m,fermin,41,38,79
m,luigi,41,38,79
m,nihal,41,38,79
m,deen,40,39,79
m,sholom,40,39,79
m,sirius,40,39,79
m,daven,39,40,79
m,frederic,39,40,79
m,walden,39,40,79
m,conall,38,41,79
m,hershy,38,41,79
m,nazareth,38,41,79
m,zacarias,38,41,79
m,khyrie,36,43,79
m,mercer,36,43,79
m,rainer,36,43,79
f,fanny,50,28,78
f,aaliah,46,32,78
f,acadia,45,33,78
f,greenlee,45,33,78
f,amariana,42,36,78
f,azariyah,42,36,78
f,kelli,41,37,78
f,valentine,41,37,78
f,yohanna,41,37,78
f,yoselyn,41,37,78
f,zuria,41,37,78
f,goddess,40,38,78
f,jayliana,40,38,78
f,skyleigh,40,38,78
f,delta,39,39,78
f,hadlie,39,39,78
f,jailene,39,39,78
f,jalani,39,39,78
f,kaiah,38,40,78
f,lark,38,40,78
f,adore,36,42,78
f,bayan,36,42,78
f,tzipora,36,42,78
f,elanie,35,43,78
f,kynzleigh,35,43,78
f,kapri,34,44,78
f,vanya,34,44,78
f,chelsy,33,45,78
f,imogene,33,45,78
f,kamyah,33,45,78
f,rogue,33,45,78
f,yajaira,31,47,78
f,weslyn,28,50,78
m,shemar,48,30,78
m,ridwan,45,33,78
m,trever,45,33,78
m,aeden,44,34,78
m,marquel,44,34,78
m,holton,43,35,78
m,rufus,43,35,78
m,pace,42,36,78
m,luiz,41,37,78
m,travion,41,37,78
m,tylor,41,37,78
m,viggo,41,37,78
m,able,40,38,78
m,braydan,40,38,78
m,boe,39,39,78
m,rahim,39,39,78
m,abdurrahman,38,40,78
m,jassiel,38,40,78
m,krishiv,38,40,78
m,vansh,38,40,78
m,waleed,38,40,78
m,jarrell,37,41,78
m,divine,36,42,78
m,donavin,36,42,78
m,eidan,35,43,78
m,subhan,35,43,78
m,mackson,33,45,78
m,winter,33,45,78
m,josiyah,30,48,78
f,henny,49,28,77
f,ivonne,49,28,77
f,deisy,46,31,77
f,chimamanda,43,34,77
f,hadasa,43,34,77
f,sayler,43,34,77
f,yelitza,43,34,77
f,mali,41,36,77
f,posey,41,36,77
f,henleigh,40,37,77
f,livy,40,37,77
f,zayra,40,37,77
f,arian,39,38,77
f,eleen,39,38,77
f,amberlee,38,39,77
f,jazlene,38,39,77
f,raigan,38,39,77
f,corinna,37,40,77
f,niylah,37,40,77
f,alizay,36,41,77
f,brady,36,41,77
f,kristel,36,41,77
f,riyah,36,41,77
f,seven,36,41,77
f,zaila,35,42,77
f,maizey,33,44,77
f,rorie,33,44,77
f,kaela,32,45,77
f,rawan,32,45,77
f,max,23,54,77
m,rayce,50,27,77
m,kato,47,30,77
m,kelan,45,32,77
m,lamarcus,45,32,77
m,oryan,45,32,77
m,tennyson,45,32,77
m,mehmet,42,35,77
m,brando,41,36,77
m,halen,41,36,77
m,darrien,40,37,77
m,shreyan,40,37,77
m,ayoub,39,38,77
m,rashaad,39,38,77
m,renner,38,39,77
m,romelo,38,39,77
m,seeley,37,40,77
m,malachai,36,41,77
m,mick,36,41,77
m,brenner,35,42,77
m,fulton,35,42,77
m,mahki,35,42,77
m,bauer,34,43,77
m,jory,34,43,77
m,llewyn,34,43,77
m,slate,34,43,77
m,majesty,33,44,77
m,amaan,32,45,77
m,raidyn,32,45,77
f,alyah,47,29,76
f,alyssandra,47,29,76
f,makenzy,46,30,76
f,tamya,46,30,76
f,dallis,45,31,76
f,abree,44,32,76
f,aine,44,32,76
f,jett,44,32,76
f,zaynah,44,32,76
f,ailynn,43,33,76
f,bobbie,43,33,76
f,emiko,42,34,76
f,emmagrace,42,34,76
f,yides,42,34,76
f,shanell,41,35,76
f,jamileth,40,36,76
f,jeanne,40,36,76
f,livi,40,36,76
f,peri,40,36,76
f,arisha,39,37,76
f,elianny,39,37,76
f,hera,39,37,76
f,jewell,39,37,76
f,rayanna,39,37,76
f,skylie,38,38,76
f,aleeya,37,39,76
f,eesha,36,40,76
f,eugenia,36,40,76
f,berkleigh,34,42,76
f,riyan,34,42,76
f,eleonora,33,43,76
f,khushi,33,43,76
f,hareem,32,44,76
f,inayah,32,44,76
f,jodie,31,45,76
f,jireh,30,46,76
f,everest,29,47,76
f,defne,28,48,76
f,mayeli,27,49,76
f,november,27,49,76
m,shivam,47,29,76
m,taran,45,31,76
m,stryder,43,33,76
m,aayansh,42,34,76
m,jevon,42,34,76
m,ramir,42,34,76
m,cayleb,41,35,76
m,jeyden,41,35,76
m,godric,40,36,76
m,kayvon,40,36,76
m,roel,40,36,76
m,daren,39,37,76
m,auston,38,38,76
m,aldair,37,39,76
m,champ,37,39,76
m,graceson,37,39,76
m,ibrahima,37,39,76
m,raven,37,39,76
m,rowyn,36,40,76
m,zyir,36,40,76
m,rashaun,35,41,76
m,eugenio,32,44,76
m,xion,32,44,76
m,amon,29,47,76
m,murad,20,56,76
f,catelyn,48,27,75
f,chantal,47,28,75
f,christie,46,29,75
f,alayiah,45,30,75
f,alexys,45,30,75
f,maelie,44,31,75
f,sunnie,44,31,75
f,arrianna,43,32,75
f,elsy,43,32,75
f,halley,43,32,75
f,madysen,43,32,75
f,tariyah,43,32,75
f,erynn,41,34,75
f,kierstyn,41,34,75
f,adelie,40,35,75
f,shayne,40,35,75
f,dottie,39,36,75
f,yatziry,39,36,75
f,avila,38,37,75
f,sophya,38,37,75
f,zulema,38,37,75
f,reed,37,38,75
f,caeli,36,39,75
f,kadynce,36,39,75
f,remedy,36,39,75
f,rhyleigh,36,39,75
f,niomi,34,41,75
f,averly,33,42,75
f,husna,33,42,75
f,koraline,33,42,75
f,jeimy,32,43,75
f,merci,32,43,75
f,bryndle,31,44,75
f,kassidi,31,44,75
f,carlota,30,45,75
f,aryiah,27,48,75
f,yuritzi,25,50,75
m,aleksandar,47,28,75
m,leelan,44,31,75
m,kolter,43,32,75
m,shreyas,43,32,75
m,tyquan,43,32,75
m,mihir,42,33,75
m,sudais,42,33,75
m,dashel,41,34,75
m,zak,41,34,75
m,kordell,40,35,75
m,tydus,40,35,75
m,wilber,40,35,75
m,donny,39,36,75
m,jamauri,39,36,75
m,leevi,39,36,75
m,scotty,39,36,75
m,cristhian,38,37,75
m,daelyn,38,37,75
m,khalif,38,37,75
m,pietro,38,37,75
m,caison,37,38,75
m,fausto,37,38,75
m,kaan,37,38,75
m,layth,37,38,75
m,braysen,36,39,75
m,daveon,36,39,75
m,dmari,36,39,75
m,jathan,36,39,75
m,kavon,36,39,75
m,kullen,36,39,75
m,raymon,35,40,75
m,jameel,34,41,75
m,neyland,34,41,75
m,kanen,33,42,75
m,roshan,32,43,75
m,shakur,32,43,75
m,thang,31,44,75
m,ward,27,48,75
m,fateh,26,49,75
f,cailin,50,24,74
f,liviana,45,29,74
f,haileigh,44,30,74
f,kaleia,43,31,74
f,arisbeth,42,32,74
f,ayelet,41,33,74
f,helene,41,33,74
f,kaliana,41,33,74
f,avleen,40,34,74
f,breana,40,34,74
f,livie,40,34,74
f,salina,40,34,74
f,brennan,39,35,74
f,ona,39,35,74
f,alasia,38,36,74
f,dejah,38,36,74
f,ellanor,38,36,74
f,gissel,38,36,74
f,camelia,37,37,74
f,carrigan,37,37,74
f,delina,37,37,74
f,enya,37,37,74
f,kenslie,37,37,74
f,lilee,37,37,74
f,rylinn,37,37,74
f,collyns,36,38,74
f,joleen,36,38,74
f,kriti,36,38,74
f,rooney,36,38,74
f,elida,35,39,74
f,gwendalyn,35,39,74
f,novella,35,39,74
f,annamaria,34,40,74
f,christen,34,40,74
f,dua,33,41,74
f,ameenah,32,42,74
f,arlett,32,42,74
f,rosaline,32,42,74
f,praise,31,43,74
f,kamani,30,44,74
f,moana,18,56,74
m,blade,44,30,74
m,dez,44,30,74
m,jin,43,31,74
m,kendrix,42,32,74
m,kiptyn,42,32,74
m,noor,41,33,74
m,raylin,41,33,74
m,rudolph,41,33,74
m,lukah,40,34,74
m,abriel,39,35,74
m,breccan,39,35,74
m,demonte,39,35,74
m,cutler,38,36,74
m,makoa,38,36,74
m,hubert,37,37,74
m,kamar,37,37,74
m,wayde,37,37,74
m,asad,36,38,74
m,carlisle,35,39,74
m,pavel,34,40,74
m,rhyker,34,40,74
m,safwan,34,40,74
m,ayson,32,42,74
m,yahia,32,42,74
m,daksh,31,43,74
m,weldon,31,43,74
m,kacper,30,44,74
m,ranveer,30,44,74
m,jediah,27,47,74
f,augusta,48,25,73
f,kareena,48,25,73
f,maylen,45,28,73
f,alahna,44,29,73
f,elienai,41,32,73
f,jaelah,41,32,73
f,ekaterina,40,33,73
f,milliana,40,33,73
f,ainsleigh,39,34,73
f,lelia,39,34,73
f,shekinah,39,34,73
f,tali,38,35,73
f,zenaida,38,35,73
f,khaliah,37,36,73
f,kynsleigh,37,36,73
f,mercedez,37,36,73
f,teaghan,36,37,73
f,yareni,36,37,73
f,apryl,35,38,73
f,karmin,35,38,73
f,kolby,35,38,73
f,zamaya,35,38,73
f,jaidah,34,39,73
f,janey,34,39,73
f,adalin,33,40,73
f,maleyah,32,41,73
f,ronnie,32,41,73
f,tailyn,32,41,73
f,jovanna,31,42,73
f,kloey,31,42,73
f,leonna,31,42,73
f,cherokee,29,44,73
f,emberleigh,29,44,73
f,leidy,28,45,73
f,amaiah,26,47,73
f,gracy,20,53,73
m,brandyn,44,29,73
m,bryon,44,29,73
m,selvin,43,30,73
m,cadyn,41,32,73
m,sahib,41,32,73
m,alexei,39,34,73
m,jamon,39,34,73
m,avyukth,38,35,73
m,kimi,38,35,73
m,tillman,38,35,73
m,daniyal,36,37,73
m,fallon,36,37,73
m,ekam,35,38,73
m,elie,35,38,73
m,eduard,34,39,73
m,paxtyn,34,39,73
m,kaimana,33,40,73
m,davien,32,41,73
m,tyrin,32,41,73
m,weslee,32,41,73
f,jenni,46,26,72
f,jolynn,44,28,72
f,bradlee,42,30,72
f,whitlee,41,31,72
f,anny,40,32,72
f,december,40,32,72
f,kellyn,40,32,72
f,kenedi,40,32,72
f,keya,40,32,72
f,unknown,40,32,72
f,analucia,39,33,72
f,chrisette,39,33,72
f,brenlee,38,34,72
f,langley,38,34,72
f,nivea,38,34,72
f,sarenity,38,34,72
f,myasia,37,35,72
f,nidhi,37,35,72
f,tory,37,35,72
f,alany,36,36,72
f,calina,36,36,72
f,muna,36,36,72
f,vaishnavi,36,36,72
f,auriella,35,37,72
f,calie,35,37,72
f,jace,35,37,72
f,mahalia,35,37,72
f,samari,35,37,72
f,zemirah,35,37,72
f,zoi,35,37,72
f,aili,34,38,72
f,evamarie,34,38,72
f,ishika,34,38,72
f,marah,34,38,72
f,nohemi,34,38,72
f,mariangel,33,39,72
f,mazzy,33,39,72
f,rylea,33,39,72
f,nyra,31,41,72
f,franchesca,30,42,72
f,jermani,30,42,72
f,maysa,30,42,72
f,alinna,29,43,72
f,emiyah,29,43,72
f,masyn,29,43,72
f,frieda,25,47,72
m,alexandros,47,25,72
m,aydon,47,25,72
m,enoc,45,27,72
m,tommie,43,29,72
m,arjen,42,30,72
m,kelby,41,31,72
m,elimelech,40,32,72
m,jaelyn,40,32,72
m,kiernan,40,32,72
m,taylan,40,32,72
m,jakayden,39,33,72
m,taylon,39,33,72
m,hatcher,38,34,72
m,reymundo,38,34,72
m,amarii,37,35,72
m,christ,37,35,72
m,jaymeson,37,35,72
m,maher,37,35,72
m,mateus,37,35,72
m,draco,36,36,72
m,quran,36,36,72
m,rion,36,36,72
m,tayvion,36,36,72
m,ziad,36,36,72
m,garrick,35,37,72
m,osias,35,37,72
m,sachin,35,37,72
m,lashawn,34,38,72
m,merlin,34,38,72
m,zidan,34,38,72
m,dontrell,33,39,72
m,fitz,33,39,72
m,holdyn,33,39,72
m,joseangel,33,39,72
m,rhythm,33,39,72
m,elder,32,40,72
m,marquan,32,40,72
m,evren,30,42,72
m,huxton,30,42,72
m,ram,30,42,72
m,rashard,30,42,72
m,athen,29,43,72
m,kamdon,25,47,72
f,graci,44,27,71
f,cami,43,28,71
f,jalyn,43,28,71
f,nara,43,28,71
f,portia,42,29,71
f,aiya,40,31,71
f,alesia,38,33,71
f,annah,38,33,71
f,dilynn,38,33,71
f,jaclynn,38,33,71
f,lucile,38,33,71
f,chrissy,37,34,71
f,keeva,37,34,71
f,ilona,36,35,71
f,kaelin,36,35,71
f,zahira,36,35,71
f,daelynn,35,36,71
f,elizah,35,36,71
f,layal,34,37,71
f,nitya,34,37,71
f,najma,33,38,71
f,saria,33,38,71
f,ciera,32,39,71
f,lanaya,32,39,71
f,marcy,32,39,71
f,logann,31,40,71
f,shifra,31,40,71
f,dolly,30,41,71
f,emmalina,30,41,71
f,svea,30,41,71
f,julian,26,45,71
f,kristian,26,45,71
f,meena,26,45,71
f,bea,25,46,71
f,graceyn,25,46,71
m,aarnav,45,26,71
m,leviathan,44,27,71
m,ezriel,41,30,71
m,jerrod,41,30,71
m,jeffry,38,33,71
m,nakai,38,33,71
m,nicholai,38,33,71
m,jasai,37,34,71
m,kendon,37,34,71
m,loukas,37,34,71
m,donavon,36,35,71
m,jowell,36,35,71
m,qasim,36,35,71
m,roque,36,35,71
m,urban,36,35,71
m,yamir,36,35,71
m,azlan,35,36,71
m,quade,35,36,71
m,greg,34,37,71
m,karlos,34,37,71
m,ayven,33,38,71
m,bill,33,38,71
m,yonathan,33,38,71
m,benyamin,32,39,71
m,carlin,32,39,71
m,ragnar,32,39,71
m,declyn,31,40,71
m,krystian,31,40,71
m,rakeem,31,40,71
m,valentine,31,40,71
m,joniel,30,41,71
m,nasser,29,42,71
m,stanton,28,43,71
m,ellington,26,45,71
m,aceson,20,51,71
f,mayrin,46,24,70
f,breasia,45,25,70
f,srinika,43,27,70
f,adisyn,42,28,70
f,trista,42,28,70
f,rhylie,41,29,70
f,saleen,41,29,70
f,ursula,41,29,70
f,jesslynn,40,30,70
f,kelcie,40,30,70
f,caleah,39,31,70
f,huntley,39,31,70
f,jayanna,39,31,70
f,alesha,38,32,70
f,jacy,38,32,70
f,myriam,38,32,70
f,tauriel,38,32,70
f,akeelah,37,33,70
f,avi,37,33,70
f,esabella,37,33,70
f,saja,37,33,70
f,michael,36,34,70
f,athalia,35,35,70
f,kennedie,35,35,70
f,lamia,35,35,70
f,ora,35,35,70
f,aubre,34,36,70
f,mackenzi,34,36,70
f,nalia,34,36,70
f,sheridan,34,36,70
f,danyla,33,37,70
f,eira,33,37,70
f,kyleah,33,37,70
f,essie,32,38,70
f,sameera,32,38,70
f,kaedence,31,39,70
f,romi,31,39,70
f,braylyn,30,40,70
f,leighanna,30,40,70
f,lujain,30,40,70
f,scotland,30,40,70
f,evee,28,42,70
f,raena,28,42,70
f,addisen,27,43,70
f,fay,25,45,70
f,avaline,23,47,70
f,serayah,19,51,70
m,breyden,42,28,70
m,exavier,42,28,70
m,koltin,40,30,70
m,caidyn,38,32,70
m,fenton,38,32,70
m,jamichael,38,32,70
m,reuven,38,32,70
m,hadley,37,33,70
m,ishaq,37,33,70
m,saylor,37,33,70
m,arsen,36,34,70
m,ezekial,36,34,70
m,kameryn,36,34,70
m,nolyn,36,34,70
m,quin,36,34,70
m,stevie,36,34,70
m,advait,35,35,70
m,keyden,35,35,70
m,macsen,35,35,70
m,tj,35,35,70
m,dior,34,36,70
m,zian,34,36,70
m,zylan,34,36,70
m,emerick,32,38,70
m,kainan,32,38,70
m,xavior,32,38,70
m,arnulfo,31,39,70
m,nael,31,39,70
m,lazer,29,41,70
m,beauregard,28,42,70
m,rayne,28,42,70
m,torrance,26,44,70
m,vedansh,25,45,70
f,cambry,44,25,69
f,codi,43,26,69
f,aaminah,42,27,69
f,dhriti,41,28,69
f,eliya,41,28,69
f,suhani,41,28,69
f,krislyn,40,29,69
f,kaely,39,30,69
f,anabell,38,31,69
f,kimaya,38,31,69
f,true,38,31,69
f,chizaram,37,32,69
f,jeannette,37,32,69
f,kree,37,32,69
f,mela,37,32,69
f,salwa,37,32,69
f,chantelle,36,33,69
f,aela,35,34,69
f,amellia,35,34,69
f,maryama,35,34,69
f,naomie,35,34,69
f,envy,34,35,69
f,kodie,34,35,69
f,reid,34,35,69
f,vega,34,35,69
f,marcelina,33,36,69
f,saori,33,36,69
f,aivah,31,38,69
f,daila,31,38,69
f,johnnie,31,38,69
f,kaliya,31,38,69
f,maleny,31,38,69
f,elleanor,30,39,69
f,lainee,30,39,69
f,naydelin,30,39,69
f,paxtyn,30,39,69
f,aniela,29,40,69
f,azura,29,40,69
f,lennix,29,40,69
f,ariany,28,41,69
f,katalyna,28,41,69
f,ishanvi,26,43,69
f,galilee,25,44,69
f,jensyn,23,46,69
m,johnmichael,42,27,69
m,yeray,42,27,69
m,jaedon,41,28,69
m,dimitrios,39,30,69
m,rayvon,39,30,69
m,keigan,38,31,69
m,maxime,38,31,69
m,lawton,37,32,69
m,kyland,36,33,69
m,timmy,36,33,69
m,jerald,34,35,69
m,pascal,34,35,69
m,angad,33,36,69
m,kinnick,33,36,69
m,enos,32,37,69
m,arsh,31,38,69
m,acen,30,39,69
m,kerem,30,39,69
m,royalty,30,39,69
m,aeson,29,40,69
m,kaisyn,29,40,69
m,brylen,28,41,69
m,dex,26,43,69
f,brihanna,45,23,68
f,mayson,44,24,68
f,aster,41,27,68
f,ashlynne,40,28,68
f,jailee,40,28,68
f,caylie,39,29,68
f,jaquelyn,39,29,68
f,matilyn,39,29,68
f,mikaila,38,30,68
f,tziporah,38,30,68
f,ellyanna,37,31,68
f,nico,37,31,68
f,adhya,36,32,68
f,amour,36,32,68
f,elleigh,35,33,68
f,gisella,35,33,68
f,jessy,35,33,68
f,maybelle,35,33,68
f,ryen,35,33,68
f,ellieanna,34,34,68
f,kamea,34,34,68
f,keona,34,34,68
f,avalina,33,35,68
f,embree,33,35,68
f,gweneth,33,35,68
f,shanti,33,35,68
f,sydnie,33,35,68
f,azaleah,32,36,68
f,evana,31,37,68
f,karyme,31,37,68
f,mikenzie,31,37,68
f,natalyn,30,38,68
f,zaiya,30,38,68
f,kady,29,39,68
f,khyla,29,39,68
f,zyon,29,39,68
f,rowynn,26,42,68
f,arbor,25,43,68
f,mirielle,25,43,68
f,weslynn,24,44,68
f,lennyn,23,45,68
f,masa,23,45,68
m,jeremyah,45,23,68
m,elija,42,26,68
m,roczen,42,26,68
m,kristoff,41,27,68
m,manning,41,27,68
m,amer,40,28,68
m,deric,40,28,68
m,jahiem,40,28,68
m,affan,39,29,68
m,breon,39,29,68
m,jaheem,39,29,68
m,minh,39,29,68
m,dana,37,31,68
m,espen,37,31,68
m,samual,37,31,68
m,abdulmalik,36,32,68
m,brendyn,36,32,68
m,nevan,36,32,68
m,cameryn,35,33,68
m,dexton,35,33,68
m,diamond,35,33,68
m,eamonn,35,33,68
m,giuliano,35,33,68
m,kree,35,33,68
m,taron,35,33,68
m,eastin,34,34,68
m,lynden,34,34,68
m,nosson,34,34,68
m,essa,33,35,68
m,eyden,33,35,68
m,mael,33,35,68
m,kolson,32,36,68
m,mavrik,32,36,68
m,shelby,32,36,68
m,soham,32,36,68
m,vann,32,36,68
m,kingstyn,31,37,68
m,khang,29,39,68
m,maclin,28,40,68
m,kyro,24,44,68
m,cayde,22,46,68
f,akasha,40,27,67
f,johnna,40,27,67
f,renesmae,40,27,67
f,alethea,39,28,67
f,arianah,39,28,67
f,kenza,39,28,67
f,taylyn,39,28,67
f,krislynn,38,29,67
f,sunni,38,29,67
f,tea,38,29,67
f,anuhea,37,30,67
f,clio,37,30,67
f,devina,37,30,67
f,jaquelin,37,30,67
f,joely,37,30,67
f,keyonna,37,30,67
f,hania,36,31,67
f,jaiya,36,31,67
f,jill,36,31,67
f,lilyrose,36,31,67
f,sarayu,36,31,67
f,shelbie,36,31,67
f,siana,36,31,67
f,elvia,35,32,67
f,solange,35,32,67
f,yetzali,35,32,67
f,amelya,34,33,67
f,lareen,34,33,67
f,aleana,33,34,67
f,avielle,33,34,67
f,graysen,33,34,67
f,rivkah,33,34,67
f,esma,32,35,67
f,laelah,32,35,67
f,windsor,32,35,67
f,bradleigh,31,36,67
f,ezrah,31,36,67
f,lanna,29,38,67
f,lucina,28,39,67
f,michaella,28,39,67
f,minha,28,39,67
f,rafaella,27,40,67
f,taliya,27,40,67
f,ryla,25,42,67
m,olliver,44,23,67
m,tayvon,42,25,67
m,danthony,41,26,67
m,domani,39,28,67
m,niccolo,38,29,67
m,tallon,38,29,67
m,jayren,37,30,67
m,kelson,37,30,67
m,bodee,36,31,67
m,domonic,36,31,67
m,pearce,36,31,67
m,ezana,35,32,67
m,amaury,34,33,67
m,jarren,34,33,67
m,aaditya,33,34,67
m,dekker,33,34,67
m,paxson,33,34,67
m,cary,32,35,67
m,mouhamed,32,35,67
m,whitman,31,36,67
m,emre,30,37,67
m,wilbert,30,37,67
m,cage,29,38,67
m,coda,29,38,67
m,muhsin,29,38,67
m,erickson,28,39,67
m,kyaire,25,42,67
m,sylvan,25,42,67
m,alphonse,23,44,67
m,kyon,16,51,67
f,micayla,45,21,66
f,jaylinn,43,23,66
f,bridgett,42,24,66
f,lilla,40,26,66
f,yuridia,40,26,66
f,melodi,39,27,66
f,roslynn,38,28,66
f,braleigh,37,29,66
f,melony,37,29,66
f,munira,37,29,66
f,elisia,36,30,66
f,meher,36,30,66
f,anai,35,31,66
f,elicia,35,31,66
f,maddalena,35,31,66
f,jayonna,34,32,66
f,raygen,34,32,66
f,china,33,33,66
f,jourdyn,33,33,66
f,kayanna,33,33,66
f,liliane,33,33,66
f,kalei,32,34,66
f,leliana,32,34,66
f,mariafernanda,32,34,66
f,meklit,32,34,66
f,nataliya,32,34,66
f,adaya,31,35,66
f,deema,31,35,66
f,janel,31,35,66
f,solara,31,35,66
f,favour,30,36,66
f,miri,30,36,66
f,pari,30,36,66
f,samyra,30,36,66
f,braeleigh,29,37,66
f,clarisa,29,37,66
f,haizley,29,37,66
f,adali,28,38,66
f,demiyah,28,38,66
f,eliette,28,38,66
f,atalia,27,39,66
f,brayla,27,39,66
f,madisson,27,39,66
f,mahnoor,27,39,66
f,brianny,26,40,66
f,charolette,26,40,66
f,tyasia,26,40,66
f,maleena,25,41,66
f,aira,24,42,66
f,eevee,24,42,66
f,lynden,24,42,66
f,zemira,23,43,66
f,hoorain,15,51,66
m,taysom,42,24,66
m,abrahm,40,26,66
m,londyn,40,26,66
m,zackariah,40,26,66
m,isacc,39,27,66
m,payden,39,27,66
m,jakeem,38,28,66
m,jarod,38,28,66
m,yaniel,38,28,66
m,braidyn,37,29,66
m,damen,37,29,66
m,dmitry,36,30,66
m,dylen,36,30,66
m,gibran,36,30,66
m,rook,36,30,66
m,cloud,35,31,66
m,curren,35,31,66
m,devonta,35,31,66
m,easten,35,31,66
m,khyler,35,31,66
m,sabir,35,31,66
m,abubakr,33,33,66
m,brylon,33,33,66
m,caydon,33,33,66
m,geovani,33,33,66
m,jaasiel,33,33,66
m,lael,33,33,66
m,lamarion,33,33,66
m,konstantinos,31,35,66
m,delvin,29,37,66
m,jupiter,25,41,66
m,kepler,25,41,66
m,srihan,23,43,66
f,anamarie,46,19,65
f,jacquelin,42,23,65
f,azaliah,41,24,65
f,damiya,40,25,65
f,dalyla,39,26,65
f,senna,39,26,65
f,taelor,39,26,65
f,lavina,38,27,65
f,riana,38,27,65
f,asmaa,37,28,65
f,jetta,37,28,65
f,mihika,37,28,65
f,eriel,36,29,65
f,lilianne,36,29,65
f,rhianna,36,29,65
f,ellowyn,35,30,65
f,kamden,35,30,65
f,phaedra,35,30,65
f,somaya,35,30,65
f,zury,35,30,65
f,kaylea,34,31,65
f,lynda,34,31,65
f,phoenyx,34,31,65
f,soren,34,31,65
f,bethanie,33,32,65
f,seerat,33,32,65
f,selin,33,32,65
f,taylar,33,32,65
f,annamae,32,33,65
f,daisha,32,33,65
f,falyn,32,33,65
f,kiarra,32,33,65
f,kiran,32,33,65
f,seneca,32,33,65
f,aashna,31,34,65
f,ahtziri,31,34,65
f,journii,31,34,65
f,anniyah,30,35,65
f,keanna,30,35,65
f,nura,30,35,65
f,bushra,29,36,65
f,jamyah,29,36,65
f,maribella,29,36,65
f,mckinleigh,29,36,65
f,nami,29,36,65
f,scarleth,29,36,65
f,dillon,28,37,65
f,akari,27,38,65
f,kristal,27,38,65
f,mirna,27,38,65
f,georgie,26,39,65
f,raiden,26,39,65
f,allena,25,40,65
f,erielle,25,40,65
f,seraphine,25,40,65
f,chantel,24,41,65
m,kaelan,41,24,65
m,cort,39,26,65
m,klaus,39,26,65
m,ahmet,38,27,65
m,talyn,38,27,65
m,boruch,37,28,65
m,cross,37,28,65
m,abdoulaye,36,29,65
m,cashmere,36,29,65
m,navy,36,29,65
m,amire,35,30,65
m,chael,35,30,65
m,esaias,35,30,65
m,jacky,35,30,65
m,jireh,35,30,65
m,rainier,35,30,65
m,jamieson,34,31,65
m,rain,34,31,65
m,brannon,33,32,65
m,talin,33,32,65
m,bret,32,33,65
m,demetrio,32,33,65
m,lleyton,32,33,65
m,lux,32,33,65
m,fabricio,31,34,65
m,mecca,31,34,65
m,darron,30,35,65
m,mosiah,30,35,65
m,oak,25,40,65
m,becket,24,41,65
m,khylan,24,41,65
m,vivan,21,44,65
f,zissy,42,22,64
f,drea,41,23,64
f,aviah,40,24,64
f,arizbeth,39,25,64
f,mckinnley,38,26,64
f,rima,38,26,64
f,nisa,37,27,64
f,avaree,36,28,64
f,scottlyn,36,28,64
f,aarushi,35,29,64
f,emri,35,29,64
f,veera,35,29,64
f,jiana,34,30,64
f,sammie,34,30,64
f,stormi,34,30,64
f,amera,33,31,64
f,brylynn,33,31,64
f,jesenia,33,31,64
f,lynleigh,33,31,64
f,aleiah,32,32,64
f,haydee,31,33,64
f,bertha,30,34,64
f,clarabelle,30,34,64
f,odelia,30,34,64
f,zyonna,30,34,64
f,kollins,29,35,64
f,lou,29,35,64
f,paradise,29,35,64
f,tinleigh,29,35,64
f,cornelia,28,36,64
f,josilyn,28,36,64
f,lovina,28,36,64
f,raeghan,28,36,64
f,alida,27,37,64
f,makeda,27,37,64
f,ellory,26,38,64
f,kaori,26,38,64
f,lucienne,26,38,64
f,wynne,25,39,64
f,aradhya,24,40,64
f,elize,24,40,64
f,nyssa,24,40,64
f,bexlee,19,45,64
m,ashur,43,21,64
m,hashir,39,25,64
m,braxon,37,27,64
m,hogan,36,28,64
m,karver,36,28,64
m,everhett,35,29,64
m,griffen,35,29,64
m,jayton,35,29,64
m,lebron,35,29,64
m,royale,35,29,64
m,tayton,35,29,64
m,aero,34,30,64
m,jess,34,30,64
m,syler,34,30,64
m,miking,33,31,64
m,omega,33,31,64
m,pinchas,33,31,64
m,adhrit,32,32,64
m,darrick,32,32,64
m,gil,32,32,64
m,kalib,32,32,64
m,dalen,31,33,64
m,ikaika,31,33,64
m,jaeger,31,33,64
m,joesiah,31,33,64
m,ryver,31,33,64
m,shaw,31,33,64
m,kali,30,34,64
m,akai,29,35,64
m,arhaan,29,35,64
m,ascher,29,35,64
m,brekken,29,35,64
m,humza,29,35,64
m,quaid,28,36,64
m,buck,27,37,64
m,flavio,27,37,64
m,karmello,27,37,64
m,kevyn,27,37,64
m,saharsh,27,37,64
m,antione,26,38,64
m,hisham,26,38,64
m,zayyan,26,38,64
m,cassiel,25,39,64
m,tyriq,25,39,64
m,roran,23,41,64
f,myia,43,20,63
f,alainah,38,25,63
f,bentleigh,38,25,63
f,ricki,38,25,63
f,alix,37,26,63
f,soha,37,26,63
f,kinzleigh,36,27,63
f,lorna,36,27,63
f,junia,35,28,63
f,maebry,35,28,63
f,mailani,34,29,63
f,mailyn,34,29,63
f,sakina,34,29,63
f,everlyn,33,30,63
f,betsaida,32,31,63
f,emelina,32,31,63
f,jori,32,31,63
f,maryanna,32,31,63
f,oumou,32,31,63
f,aishah,31,32,63
f,brionna,31,32,63
f,falynn,31,32,63
f,theadora,31,32,63
f,amairani,30,33,63
f,atarah,30,33,63
f,kayci,30,33,63
f,maleia,30,33,63
f,rinoa,30,33,63
f,heba,29,34,63
f,joshlynn,29,34,63
f,maahi,29,34,63
f,medha,29,34,63
f,emmelia,28,35,63
f,jaleigh,28,35,63
f,klynn,28,35,63
f,layana,28,35,63
f,yumi,28,35,63
f,aayla,27,36,63
f,amyia,27,36,63
f,bryelle,27,36,63
f,fynlee,25,38,63
f,verna,25,38,63
f,avacyn,22,41,63
f,lilou,22,41,63
m,gianmarco,43,20,63
m,calin,40,23,63
m,yahel,40,23,63
m,maeson,39,24,63
m,randal,39,24,63
m,cache,38,25,63
m,kallan,37,26,63
m,adian,36,27,63
m,corvin,36,27,63
m,ilya,36,27,63
m,ivory,36,27,63
m,keane,36,27,63
m,rigo,36,27,63
m,casimir,34,29,63
m,caedmon,33,30,63
m,joab,33,30,63
m,kei,33,30,63
m,laine,33,30,63
m,daxtyn,32,31,63
m,nikoli,32,31,63
m,anand,31,32,63
m,ceasar,31,32,63
m,teodoro,31,32,63
m,mendy,30,33,63
m,miko,30,33,63
m,burhanuddin,29,34,63
m,daegan,29,34,63
m,jacolby,29,34,63
m,jahziel,29,34,63
m,aaric,28,35,63
m,calan,28,35,63
m,quest,28,35,63
m,trapper,28,35,63
m,ananias,27,36,63
m,garry,26,37,63
m,karthikeya,24,39,63
m,adyan,19,44,63
f,chyanne,45,17,62
f,jozlyn,40,22,62
f,aamira,37,25,62
f,ammy,37,25,62
f,jacee,37,25,62
f,amyla,35,27,62
f,henna,35,27,62
f,blessyn,34,28,62
f,riah,34,28,62
f,cattaleya,33,29,62
f,jolina,33,29,62
f,meela,33,29,62
f,minna,33,29,62
f,brooks,32,30,62
f,kinslie,31,31,62
f,miral,31,31,62
f,mirella,31,31,62
f,amarachi,30,32,62
f,anh,30,32,62
f,asya,30,32,62
f,betsabe,30,32,62
f,jasiah,30,32,62
f,joscelyn,30,32,62
f,katniss,30,32,62
f,marygrace,30,32,62
f,saisha,30,32,62
f,shanvi,30,32,62
f,shianne,30,32,62
f,callan,29,33,62
f,jaleyah,29,33,62
f,kalleigh,29,33,62
f,kamri,29,33,62
f,akshaya,28,34,62
f,faiza,28,34,62
f,freja,28,34,62
f,jaelle,28,34,62
f,skylan,28,34,62
f,aishani,27,35,62
f,amoura,27,35,62
f,cinthia,27,35,62
f,radha,27,35,62
f,railey,27,35,62
f,remie,27,35,62
f,rue,27,35,62
f,avelynn,26,36,62
f,gertrude,26,36,62
f,arwyn,25,37,62
f,lyvia,25,37,62
f,adi,24,38,62
f,eliyanah,23,39,62
f,rylann,23,39,62
f,aiyla,20,42,62
f,mannat,19,43,62
m,amaree,39,23,62
m,heber,38,24,62
m,karston,38,24,62
m,damarius,36,26,62
m,maxemiliano,36,26,62
m,leandre,35,27,62
m,gautham,34,28,62
m,sidharth,34,28,62
m,henderson,33,29,62
m,nicolo,33,29,62
m,advay,32,30,62
m,davidson,32,30,62
m,geremiah,32,30,62
m,jerson,32,30,62
m,alfonzo,31,31,62
m,bensen,31,31,62
m,brewer,31,31,62
m,britain,31,31,62
m,mattix,31,31,62
m,moksh,31,31,62
m,cali,30,32,62
m,nadav,30,32,62
m,rayhan,30,32,62
m,zedekiah,30,32,62
m,hadrian,29,33,62
m,ilias,28,34,62
m,prynce,27,35,62
m,aahan,26,36,62
m,chason,26,36,62
m,abir,25,37,62
m,rexton,25,37,62
m,ayce,23,39,62
m,finneas,23,39,62
m,maddon,22,40,62
m,kiyon,20,42,62
f,jaretzy,38,23,61
f,katalaya,38,23,61
f,lissette,36,25,61
f,mailen,36,25,61
f,nevaeha,36,25,61
f,alanni,35,26,61
f,azure,35,26,61
f,leasia,35,26,61
f,sumayyah,35,26,61
f,barbie,34,27,61
f,tylah,34,27,61
f,brenleigh,33,28,61
f,luka,33,28,61
f,nandini,33,28,61
f,raylene,33,28,61
f,sofi,33,28,61
f,yessica,33,28,61
f,autum,32,29,61
f,mesa,32,29,61
f,zalayah,32,29,61
f,annalicia,31,30,61
f,dalylah,31,30,61
f,irena,31,30,61
f,livvy,31,30,61
f,locklyn,31,30,61
f,harmonii,30,31,61
f,kaeli,30,31,61
f,mariska,30,31,61
f,rebeka,30,31,61
f,syriah,30,31,61
f,chance,29,32,61
f,faithlynn,29,32,61
f,kayloni,29,32,61
f,phebe,29,32,61
f,safiyah,29,32,61
f,talyn,29,32,61
f,gionna,27,34,61
f,jo,27,34,61
f,laurynn,27,34,61
f,saba,27,34,61
f,safaa,27,34,61
f,ryanna,26,35,61
f,fanta,25,36,61
f,nona,25,36,61
f,aurie,24,37,61
f,jazlin,24,37,61
f,mahayla,24,37,61
f,dezire,22,39,61
m,elnathan,38,23,61
m,raj,38,23,61
m,burton,36,25,61
m,lavell,36,25,61
m,sasha,36,25,61
m,eliud,35,26,61
m,jessy,34,27,61
m,lysander,34,27,61
m,tremayne,34,27,61
m,ayomide,33,28,61
m,henson,33,28,61
m,akil,32,29,61
m,jadarius,32,29,61
m,omere,32,29,61
m,jakhari,31,30,61
m,emran,30,31,61
m,jovian,30,31,61
m,kaileb,30,31,61
m,maksym,30,31,61
m,martell,30,31,61
m,deron,29,32,61
m,khristopher,28,33,61
m,koy,28,33,61
m,rigel,27,34,61
m,dontavious,26,35,61
m,oswald,26,35,61
m,hawthorne,25,36,61
m,younis,25,36,61
m,knoxx,24,37,61
m,zaidan,24,37,61
m,koah,23,38,61
m,sriyan,23,38,61
m,tafari,22,39,61
m,aveer,21,40,61
m,bohdi,20,41,61
m,everson,19,42,61
m,agam,18,43,61
f,arieanna,39,21,60
f,naevia,38,22,60
f,raelin,38,22,60
f,averey,37,23,60
f,dempsey,37,23,60
f,emilly,37,23,60
f,jakiya,37,23,60
f,keisi,37,23,60
f,lacee,37,23,60
f,alauna,36,24,60
f,trina,36,24,60
f,andy,35,25,60
f,morghan,35,25,60
f,ilene,34,26,60
f,harlan,33,27,60
f,riona,33,27,60
f,adelene,32,28,60
f,kamry,32,28,60
f,loryn,32,28,60
f,molli,32,28,60
f,alicen,31,29,60
f,angeli,31,29,60
f,antonina,31,29,60
f,brienne,31,29,60
f,genevie,31,29,60
f,jemimah,31,29,60
f,koral,31,29,60
f,shai,31,29,60
f,jamaria,30,30,60
f,makenlee,30,30,60
f,nakayla,30,30,60
f,orla,30,30,60
f,taylah,30,30,60
f,tymber,30,30,60
f,aryan,29,31,60
f,maram,29,31,60
f,yui,29,31,60
f,alexah,28,32,60
f,jewelz,28,32,60
f,kansas,28,32,60
f,kilynn,28,32,60
f,neema,28,32,60
f,zahava,28,32,60
f,eli,27,33,60
f,glenda,27,33,60
f,marietta,27,33,60
f,serah,27,33,60
f,shia,27,33,60
f,zoriah,27,33,60
f,era,26,34,60
f,mckynzie,26,34,60
f,sunday,26,34,60
f,alaylah,25,35,60
f,avyana,25,35,60
f,basya,25,35,60
f,ianna,23,37,60
f,wilder,22,38,60
m,michel,41,19,60
m,jeb,37,23,60
m,zakir,37,23,60
m,keagen,36,24,60
m,ramone,36,24,60
m,toren,36,24,60
m,tylon,36,24,60
m,zebulon,36,24,60
m,avyukt,35,25,60
m,iram,35,25,60
m,javontae,35,25,60
m,rodger,35,25,60
m,bradly,34,26,60
m,isak,34,26,60
m,nirvaan,34,26,60
m,zaydon,34,26,60
m,canton,33,27,60
m,johndavid,33,27,60
m,kohl,33,27,60
m,marciano,33,27,60
m,donatello,32,28,60
m,hudsen,32,28,60
m,keylan,32,28,60
m,mikey,32,28,60
m,raider,32,28,60
m,fionn,31,29,60
m,abisai,30,30,60
m,jaxtin,30,30,60
m,neko,30,30,60
m,rock,30,30,60
m,laquan,28,32,60
m,ousmane,28,32,60
m,rishik,28,32,60
m,shrey,28,32,60
m,valente,28,32,60
m,ziyon,28,32,60
m,taym,27,33,60
m,ashley,26,34,60
m,torian,26,34,60
m,yamil,26,34,60
f,kyndell,39,20,59
f,jax,38,21,59
f,joyanna,38,21,59
f,alenna,35,24,59
f,georgette,35,24,59
f,braya,34,25,59
f,carsen,34,25,59
f,haily,34,25,59
f,leilana,34,25,59
f,ajah,33,26,59
f,akemi,33,26,59
f,karaline,33,26,59
f,quetzalli,33,26,59
f,rosslyn,33,26,59
f,andraya,32,27,59
f,francheska,32,27,59
f,juna,32,27,59
f,daijah,31,28,59
f,joslin,31,28,59
f,talynn,31,28,59
f,adeleine,30,29,59
f,aloni,30,29,59
f,angelita,30,29,59
f,blimy,30,29,59
f,jadalynn,30,29,59
f,lakshmi,30,29,59
f,meliah,30,29,59
f,melonie,30,29,59
f,talaya,30,29,59
f,tula,30,29,59
f,tylar,30,29,59
f,yashvi,30,29,59
f,zeinab,30,29,59
f,zionna,30,29,59
f,alliana,29,30,59
f,lindley,29,30,59
f,niara,29,30,59
f,braxton,28,31,59
f,kirby,28,31,59
f,kit,28,31,59
f,samar,28,31,59
f,hallee,27,32,59
f,saniah,27,32,59
f,thelma,27,32,59
f,atziri,26,33,59
f,ellasyn,26,33,59
f,keyana,26,33,59
f,nissi,26,33,59
f,fatuma,25,34,59
f,indi,25,34,59
f,ivyanna,25,34,59
f,laykin,25,34,59
f,maryan,25,34,59
f,milagro,25,34,59
f,rida,25,34,59
f,tyleah,24,35,59
f,zaelynn,24,35,59
f,zamiya,24,35,59
f,lyza,23,36,59
f,idalia,22,37,59
f,mylie,22,37,59
f,tennyson,22,37,59
f,tinslee,22,37,59
f,arleigh,20,39,59
f,addaline,18,41,59
f,sarayah,16,43,59
m,moishe,37,22,59
m,zahid,35,24,59
m,haydon,34,25,59
m,markos,34,25,59
m,vinh,34,25,59
m,dajuan,33,26,59
m,maddax,33,26,59
m,eliyah,32,27,59
m,kyrian,32,27,59
m,malique,32,27,59
m,tryston,32,27,59
m,tyran,32,27,59
m,zekiel,32,27,59
m,aadhav,31,28,59
m,amaris,31,28,59
m,barret,31,28,59
m,dani,31,28,59
m,jourdan,31,28,59
m,asim,30,29,59
m,eh,30,29,59
m,emmerson,30,29,59
m,ihsan,30,29,59
m,leiland,30,29,59
m,rhyan,30,29,59
m,gaspar,29,30,59
m,gaston,29,30,59
m,donato,28,31,59
m,nicco,28,31,59
m,aking,27,32,59
m,carrick,27,32,59
m,emin,26,33,59
m,kalin,26,33,59
m,dawsyn,25,34,59
m,nazar,25,34,59
m,sohan,25,34,59
m,korban,23,36,59
m,princeston,23,36,59
m,sulayman,23,36,59
m,kaynen,21,38,59
m,tobiah,20,39,59
m,tyreek,20,39,59
m,andrik,18,41,59
f,jessia,36,22,58
f,carlin,35,23,58
f,khaliya,35,23,58
f,lexis,35,23,58
f,anwita,34,24,58
f,makennah,34,24,58
f,miliani,34,24,58
f,saina,34,24,58
f,amaree,33,25,58
f,britain,33,25,58
f,halie,33,25,58
f,karsynn,33,25,58
f,kenlie,33,25,58
f,kiarah,33,25,58
f,mikenna,33,25,58
f,topanga,33,25,58
f,amilah,32,26,58
f,jania,32,26,58
f,carlyn,31,27,58
f,jaimee,31,27,58
f,keylee,31,27,58
f,loghan,31,27,58
f,samyah,31,27,58
f,aeva,30,28,58
f,ellieana,30,28,58
f,judah,30,28,58
f,kala,30,28,58
f,kaleesi,30,28,58
f,minka,30,28,58
f,viviane,30,28,58
f,aishwarya,29,29,58
f,magdalen,29,29,58
f,matilde,29,29,58
f,ariza,28,30,58
f,izzabelle,28,30,58
f,jazel,28,30,58
f,kynslie,28,30,58
f,rayann,28,30,58
f,rozalyn,28,30,58
f,celestine,27,31,58
f,ellinor,27,31,58
f,hayat,27,31,58
f,jakira,27,31,58
f,nalayah,27,31,58
f,aariah,26,32,58
f,dyani,26,32,58
f,evelyne,26,32,58
f,cai,25,33,58
f,eliyana,25,33,58
f,gwendolynn,25,33,58
f,elayne,24,34,58
f,zailee,24,34,58
f,darlyn,23,35,58
f,aasiyah,20,38,58
f,akilah,20,38,58
f,lady,10,48,58
m,juel,39,19,58
m,alasdair,36,22,58
m,bodey,36,22,58
m,jahsir,36,22,58
m,sathvik,36,22,58
m,colsen,35,23,58
m,derrion,35,23,58
m,jaison,34,24,58
m,benzion,33,25,58
m,siddhartha,33,25,58
m,devion,32,26,58
m,dhyan,32,26,58
m,eero,32,26,58
m,garren,32,26,58
m,jayon,32,26,58
m,henryk,31,27,58
m,othniel,31,27,58
m,rishan,31,27,58
m,talha,31,27,58
m,xane,31,27,58
m,yaqub,31,27,58
m,audie,30,28,58
m,jaykob,30,28,58
m,kameren,30,28,58
m,alias,29,29,58
m,darell,29,29,58
m,jr,29,29,58
m,marshaun,29,29,58
m,rithvik,29,29,58
m,salah,29,29,58
m,tylin,29,29,58
m,zacharia,29,29,58
m,danial,28,30,58
m,haydn,28,30,58
m,kadeem,28,30,58
m,toryn,28,30,58
m,zakariah,28,30,58
m,aarin,27,31,58
m,jaciel,27,31,58
m,omri,27,31,58
m,suhaib,26,32,58
m,tanay,26,32,58
m,amor,25,33,58
m,harlow,24,34,58
m,ebrahim,23,35,58
m,kailen,22,36,58
m,donta,21,37,58
m,esa,21,37,58
f,nabiha,37,20,57
f,shana,37,20,57
f,josalynn,36,21,57
f,manasvi,36,21,57
f,natalynn,35,22,57
f,rhian,35,22,57
f,isamar,34,23,57
f,mackayla,34,23,57
f,anvitha,33,24,57
f,chavy,33,24,57
f,ilse,33,24,57
f,sera,33,24,57
f,amarianna,32,25,57
f,mikaylah,32,25,57
f,alisia,31,26,57
f,anastazia,31,26,57
f,annagrace,31,26,57
f,elma,31,26,57
f,imaan,31,26,57
f,laniah,31,26,57
f,adaley,30,27,57
f,amaiyah,30,27,57
f,atlas,30,27,57
f,aubriee,30,27,57
f,berlyn,30,27,57
f,chisom,30,27,57
f,jadah,30,27,57
f,jayli,30,27,57
f,ramya,30,27,57
f,shaylin,30,27,57
f,anagha,29,28,57
f,kalissa,29,28,57
f,keelie,29,28,57
f,maylene,29,28,57
f,mykenzie,29,28,57
f,ariani,28,29,57
f,kaeleigh,28,29,57
f,kalee,28,29,57
f,keyanna,28,29,57
f,ranya,28,29,57
f,ellaina,27,30,57
f,emina,27,30,57
f,harini,27,30,57
f,jlynn,27,30,57
f,unity,27,30,57
f,aubriel,26,31,57
f,debanhi,26,31,57
f,laycee,26,31,57
f,mirel,26,31,57
f,raevyn,26,31,57
f,scotlynn,26,31,57
f,skilar,26,31,57
f,suzie,26,31,57
f,aerilyn,25,32,57
f,varnika,25,32,57
f,kelsy,24,33,57
f,kobi,24,33,57
f,novalynn,24,33,57
f,arin,23,34,57
f,kacee,23,34,57
f,tanishka,23,34,57
f,imari,22,35,57
f,melodee,22,35,57
f,riva,22,35,57
f,cyra,21,36,57
f,devany,21,36,57
f,marleny,20,37,57
m,chadwick,39,18,57
m,jalon,36,21,57
m,amier,35,22,57
m,horacio,35,22,57
m,kush,35,22,57
m,akira,34,23,57
m,chaise,34,23,57
m,rosendo,34,23,57
m,antonino,33,24,57
m,artin,33,24,57
m,earnest,33,24,57
m,dameon,31,26,57
m,dany,31,26,57
m,domenick,31,26,57
m,homero,31,26,57
m,romell,31,26,57
m,saw,31,26,57
m,zaylin,31,26,57
m,derik,30,27,57
m,kemarion,30,27,57
m,munir,30,27,57
m,rishabh,30,27,57
m,tavian,30,27,57
m,cyncere,29,28,57
m,gabino,29,28,57
m,kalem,29,28,57
m,chapman,28,29,57
m,jamarri,28,29,57
m,maximino,28,29,57
m,renly,28,29,57
m,santhiago,28,29,57
m,whit,28,29,57
m,audric,27,30,57
m,judge,27,30,57
m,mekhai,27,30,57
m,vyom,27,30,57
m,freeman,26,31,57
m,gavino,26,31,57
m,novah,25,32,57
m,rajveer,25,32,57
m,amadeo,24,33,57
m,baltazar,24,33,57
m,josemanuel,24,33,57
m,keniel,24,33,57
m,lamonte,24,33,57
m,ryett,24,33,57
m,farid,22,35,57
m,vinson,22,35,57
m,saud,18,39,57
f,raegyn,36,20,56
f,breah,35,21,56
f,ivyana,35,21,56
f,kloie,35,21,56
f,aleenah,33,23,56
f,araiya,33,23,56
f,aylee,33,23,56
f,jacinta,33,23,56
f,shayleigh,33,23,56
f,amayrani,32,24,56
f,amorah,32,24,56
f,aurianna,32,24,56
f,calise,32,24,56
f,lakin,32,24,56
f,allisyn,31,25,56
f,eniyah,31,25,56
f,maylie,31,25,56
f,salena,31,25,56
f,anapaula,30,26,56
f,christelle,30,26,56
f,darina,30,26,56
f,dorcas,30,26,56
f,perel,30,26,56
f,priyanka,30,26,56
f,viana,30,26,56
f,analynn,29,27,56
f,lanah,29,27,56
f,lawson,29,27,56
f,shanice,29,27,56
f,soledad,29,27,56
f,aissatou,28,28,56
f,anilah,28,28,56
f,asiah,28,28,56
f,leianna,28,28,56
f,mena,28,28,56
f,lainie,27,29,56
f,makinlee,27,29,56
f,meryem,27,29,56
f,reena,27,29,56
f,vy,27,29,56
f,alvina,26,30,56
f,andria,26,30,56
f,dianne,26,30,56
f,kerry,26,30,56
f,rielle,26,30,56
f,zuzanna,26,30,56
f,brecken,25,31,56
f,genavieve,25,31,56
f,alta,24,32,56
f,keyra,24,32,56
f,merry,24,32,56
f,orly,24,32,56
f,blakley,23,33,56
f,maanvi,23,33,56
f,maimouna,23,33,56
f,ziana,23,33,56
f,cosima,21,35,56
f,laramie,21,35,56
f,cameran,20,36,56
m,amr,34,22,56
m,damario,33,23,56
m,giovany,33,23,56
m,rigby,32,24,56
m,enmanuel,31,25,56
m,sandro,31,25,56
m,calix,30,26,56
m,iann,30,26,56
m,indy,30,26,56
m,nicodemus,30,26,56
m,ripley,30,26,56
m,willy,30,26,56
m,christan,29,27,56
m,dontay,29,27,56
m,jaxiel,29,27,56
m,kailer,29,27,56
m,mackenzie,29,27,56
m,walid,29,27,56
m,arjan,28,28,56
m,casyn,28,28,56
m,iman,28,28,56
m,jaidon,28,28,56
m,jaylyn,28,28,56
m,kc,28,28,56
m,padraig,28,28,56
m,saxton,28,28,56
m,servando,28,28,56
m,shriyan,28,28,56
m,deonta,27,29,56
m,erich,27,29,56
m,jebediah,27,29,56
m,md,27,29,56
m,nayan,27,29,56
m,jacori,26,30,56
m,mikai,26,30,56
m,bashir,25,31,56
m,captain,25,31,56
m,adael,24,32,56
m,adham,23,33,56
m,dru,23,33,56
m,hasani,23,33,56
m,torrence,23,33,56
m,maxximus,22,34,56
m,leveon,21,35,56
m,zair,21,35,56
m,hansen,20,36,56
f,chanell,38,17,55
f,briel,37,18,55
f,adelise,35,20,55
f,falon,35,20,55
f,kinnley,35,20,55
f,allee,34,21,55
f,lamiya,34,21,55
f,elliemae,33,22,55
f,jasiyah,33,22,55
f,macayla,33,22,55
f,naiara,33,22,55
f,vibha,33,22,55
f,zamara,32,23,55
f,adaiah,31,24,55
f,emmanuela,31,24,55
f,keara,31,24,55
f,parisa,31,24,55
f,stefani,31,24,55
f,aarvi,30,25,55
f,ameria,30,25,55
f,chastity,30,25,55
f,stephania,30,25,55
f,zanaya,30,25,55
f,avigayil,29,26,55
f,jamari,29,26,55
f,karin,29,26,55
f,miraya,29,26,55
f,sammi,29,26,55
f,zanyah,29,26,55
f,annaly,28,27,55
f,arlie,28,27,55
f,halen,28,27,55
f,jalaysia,28,27,55
f,samora,28,27,55
f,shahd,28,27,55
f,skyelar,28,27,55
f,uriah,28,27,55
f,chrislynn,27,28,55
f,doreen,27,28,55
f,loyal,27,28,55
f,lyana,27,28,55
f,maranda,27,28,55
f,nailea,27,28,55
f,awa,26,29,55
f,jerzee,26,29,55
f,naimah,26,29,55
f,aamiyah,25,30,55
f,lahna,25,30,55
f,laiya,25,30,55
f,aaira,24,31,55
f,brienna,24,31,55
f,jakyla,24,31,55
f,kandice,24,31,55
f,lee,24,31,55
f,deana,23,32,55
f,karlyn,23,32,55
f,keelyn,23,32,55
f,mulan,23,32,55
f,adelena,22,33,55
f,orion,22,33,55
f,tyana,21,34,55
f,ayan,20,35,55
f,renatta,19,36,55
f,nari,17,38,55
f,rheya,14,41,55
f,islah,8,47,55
m,decklyn,37,18,55
m,riggin,34,21,55
m,zayvian,34,21,55
m,jehu,33,22,55
m,blue,32,23,55
m,lakai,32,23,55
m,rashed,32,23,55
m,dodge,31,24,55
m,jabriel,31,24,55
m,nickolai,31,24,55
m,sora,31,24,55
m,torsten,31,24,55
m,dawud,30,25,55
m,josiel,30,25,55
m,kayde,30,25,55
m,kirill,30,25,55
m,leeroy,30,25,55
m,muad,30,25,55
m,nason,30,25,55
m,octavious,30,25,55
m,shlome,30,25,55
m,augusto,29,26,55
m,findley,29,26,55
m,nam,29,26,55
m,yanis,29,26,55
m,nawaf,28,27,55
m,tiger,28,27,55
m,buddy,27,28,55
m,dayron,27,28,55
m,dionte,27,28,55
m,mikal,27,28,55
m,ryler,27,28,55
m,amaru,26,29,55
m,davontae,26,29,55
m,hillel,26,29,55
m,jetson,26,29,55
m,jotham,26,29,55
m,graycen,25,30,55
m,loic,25,30,55
m,aiven,24,31,55
m,deante,24,31,55
m,nirvan,24,31,55
m,tevita,24,31,55
m,carmen,23,32,55
m,wilfred,23,32,55
m,eisa,21,34,55
m,ferdinand,20,35,55
m,mattis,16,39,55
f,aerial,36,18,54
f,kenly,36,18,54
f,delyla,35,19,54
f,mackenzy,35,19,54
f,kirah,34,20,54
f,kaysen,33,21,54
f,arley,32,22,54
f,devynn,32,22,54
f,elivia,32,22,54
f,azayla,31,23,54
f,stacie,31,23,54
f,alyiah,30,24,54
f,deysi,30,24,54
f,forever,30,24,54
f,sarahy,30,24,54
f,tionna,30,24,54
f,vita,30,24,54
f,angelynn,29,25,54
f,hafsah,29,25,54
f,julienne,29,25,54
f,leeana,29,25,54
f,darci,28,26,54
f,debbie,28,26,54
f,georgianna,28,26,54
f,jumana,28,26,54
f,karalyn,28,26,54
f,liani,28,26,54
f,oliva,28,26,54
f,roisin,28,26,54
f,rumi,28,26,54
f,seanna,28,26,54
f,sheena,28,26,54
f,wylie,28,26,54
f,atlee,27,27,54
f,callahan,27,27,54
f,elijah,27,27,54
f,gwendolen,27,27,54
f,jessiah,27,27,54
f,kyiah,27,27,54
f,mahala,27,27,54
f,meleah,27,27,54
f,sadee,27,27,54
f,amiliana,26,28,54
f,amori,26,28,54
f,arlee,26,28,54
f,eliot,26,28,54
f,finn,26,28,54
f,ilaria,26,28,54
f,katara,26,28,54
f,mehar,26,28,54
f,quetzaly,26,28,54
f,rheagan,26,28,54
f,analie,25,29,54
f,elizaveta,25,29,54
f,janiyla,25,29,54
f,sallie,25,29,54
f,savina,25,29,54
f,zianna,25,29,54
f,annslee,24,30,54
f,casandra,24,30,54
f,jeannie,24,30,54
f,kaavya,24,30,54
f,nyelle,24,30,54
f,ruthann,24,30,54
f,wanda,24,30,54
f,ameliana,23,31,54
f,deniz,23,31,54
f,fatma,23,31,54
f,naylani,23,31,54
f,tracey,23,31,54
f,dakoda,22,32,54
f,suhana,22,32,54
f,aolani,21,33,54
f,archer,21,33,54
f,vanity,21,33,54
f,mithra,20,34,54
m,yassine,36,18,54
m,aarish,33,21,54
m,zaeem,33,21,54
m,namir,32,22,54
m,tameem,32,22,54
m,torrin,32,22,54
m,cameren,31,23,54
m,shrihan,31,23,54
m,timofey,31,23,54
m,dylann,30,24,54
m,hutch,30,24,54
m,jorel,30,24,54
m,kaige,30,24,54
m,khiry,30,24,54
m,tanush,30,24,54
m,wilbur,30,24,54
m,alexi,29,25,54
m,kyrell,29,25,54
m,phinehas,29,25,54
m,amador,28,26,54
m,bransyn,28,26,54
m,garen,28,26,54
m,hilario,28,26,54
m,norberto,28,26,54
m,robel,28,26,54
m,stevan,28,26,54
m,azarias,27,27,54
m,gohan,27,27,54
m,herschel,27,27,54
m,leeam,27,27,54
m,pascual,27,27,54
m,brodi,26,28,54
m,jamarian,26,28,54
m,jamarius,26,28,54
m,khaleel,26,28,54
m,kori,26,28,54
m,eddison,25,29,54
m,izaya,25,29,54
m,tyshaun,25,29,54
m,vishnu,25,29,54
m,mohamedamin,24,30,54
m,naftuli,24,30,54
m,alphonso,23,31,54
m,braddock,23,31,54
m,daniil,23,31,54
m,dreyden,23,31,54
m,shraga,23,31,54
m,waseem,23,31,54
m,armen,22,32,54
m,lyan,22,32,54
m,wellington,22,32,54
m,azari,21,33,54
m,jovon,20,34,54
m,landis,20,34,54
m,ahyan,19,35,54
m,izael,19,35,54
m,rihan,17,37,54
m,kais,14,40,54
m,kawhi,12,42,54
f,hali,35,18,53
f,elexis,34,19,53
f,neala,34,19,53
f,jasmyne,33,20,53
f,kathia,33,20,53
f,mayci,33,20,53
f,amorie,32,21,53
f,suraya,32,21,53
f,jenifer,31,22,53
f,kadie,31,22,53
f,carolyne,30,23,53
f,etty,30,23,53
f,janis,30,23,53
f,kayah,30,23,53
f,acelyn,29,24,53
f,annalea,29,24,53
f,areej,29,24,53
f,hadiya,29,24,53
f,rylyn,29,24,53
f,habiba,28,25,53
f,issa,28,25,53
f,kenli,28,25,53
f,leighann,28,25,53
f,stori,28,25,53
f,syncere,28,25,53
f,zlata,28,25,53
f,arianni,27,26,53
f,avree,27,26,53
f,aziah,27,26,53
f,bahar,27,26,53
f,samanta,27,26,53
f,samanvi,27,26,53
f,amarii,26,27,53
f,anyeli,26,27,53
f,augustine,26,27,53
f,celena,26,27,53
f,maddy,26,27,53
f,makenzee,26,27,53
f,mariely,26,27,53
f,meya,26,27,53
f,oliviana,26,27,53
f,rona,26,27,53
f,saliyah,26,27,53
f,stassi,26,27,53
f,suhayla,26,27,53
f,cady,25,28,53
f,juliann,25,28,53
f,malayia,25,28,53
f,quinlan,25,28,53
f,roni,25,28,53
f,ronni,25,28,53
f,zina,25,28,53
f,dulcemaria,24,29,53
f,kendalynn,24,29,53
f,reanna,24,29,53
f,aubrii,23,30,53
f,zamirah,23,30,53
f,rosabelle,22,31,53
f,zana,22,31,53
f,erina,21,32,53
f,heily,21,32,53
f,kashlyn,21,32,53
f,mecca,21,32,53
f,lynnox,20,33,53
f,ksenia,19,34,53
f,paislynn,19,34,53
f,anette,18,35,53
f,anaelle,17,36,53
f,bodhi,16,37,53
m,demetrios,32,21,53
m,cyler,31,22,53
m,iden,31,22,53
m,kenner,31,22,53
m,hamad,30,23,53
m,hazael,30,23,53
m,jacory,30,23,53
m,jasiyah,30,23,53
m,najee,30,23,53
m,avinash,29,24,53
m,cord,29,24,53
m,homer,29,24,53
m,johny,29,24,53
m,kashmere,29,24,53
m,rohen,29,24,53
m,sione,29,24,53
m,uri,29,24,53
m,braylyn,28,25,53
m,errol,28,25,53
m,jamire,28,25,53
m,jerick,28,25,53
m,deakon,27,26,53
m,dejon,27,26,53
m,kirin,27,26,53
m,terell,27,26,53
m,yareth,27,26,53
m,alexey,26,27,53
m,ariyan,26,27,53
m,braxtin,26,27,53
m,christen,26,27,53
m,lior,26,27,53
m,vladislav,26,27,53
m,damonte,25,28,53
m,hakim,25,28,53
m,joesph,25,28,53
m,laramie,25,28,53
m,robby,25,28,53
m,daxx,24,29,53
m,jeziah,24,29,53
m,quenton,24,29,53
m,ritchie,24,29,53
m,brax,23,30,53
m,idrees,23,30,53
m,jameir,23,30,53
m,jayan,23,30,53
m,aaren,22,31,53
m,laiken,22,31,53
m,devaughn,21,32,53
m,dillion,21,32,53
m,jaeceon,21,32,53
m,daxten,20,33,53
m,jatniel,20,33,53
m,luan,20,33,53
m,oaklen,20,33,53
m,saige,20,33,53
m,maveric,17,36,53
f,zamaria,35,17,52
f,kolbi,33,19,52
f,mikaella,33,19,52
f,onna,33,19,52
f,corah,31,21,52
f,jatziry,31,21,52
f,rivers,31,21,52
f,tate,31,21,52
f,anastasiya,30,22,52
f,anijah,30,22,52
f,emonie,30,22,52
f,jackelin,30,22,52
f,rachell,30,22,52
f,shaye,30,22,52
f,aneesa,29,23,52
f,assata,29,23,52
f,eliany,29,23,52
f,evah,29,23,52
f,shauna,29,23,52
f,sundus,29,23,52
f,allyana,28,24,52
f,pressley,28,24,52
f,shamiyah,28,24,52
f,tehya,28,24,52
f,yulisa,28,24,52
f,breonna,27,25,52
f,cecile,27,25,52
f,gwenivere,27,25,52
f,israa,27,25,52
f,jazaria,27,25,52
f,karizma,27,25,52
f,laiba,27,25,52
f,leina,27,25,52
f,maanya,27,25,52
f,breann,26,26,52
f,christabel,26,26,52
f,medina,26,26,52
f,auriel,25,27,52
f,charm,25,27,52
f,illyana,25,27,52
f,jayah,25,27,52
f,jerrica,25,27,52
f,roman,25,27,52
f,tehila,25,27,52
f,twyla,25,27,52
f,xia,25,27,52
f,alyric,24,28,52
f,kaedyn,24,28,52
f,naleah,24,28,52
f,nayah,24,28,52
f,neena,24,28,52
f,shamya,24,28,52
f,tasia,24,28,52
f,winslow,24,28,52
f,brinnley,23,29,52
f,cassadee,23,29,52
f,cloey,23,29,52
f,nysa,23,29,52
f,sharlene,23,29,52
f,tanaya,23,29,52
f,zurie,23,29,52
f,naysa,22,30,52
f,parnika,22,30,52
f,saffron,22,30,52
f,kerri,21,31,52
f,island,20,32,52
f,imelda,18,34,52
m,luisangel,36,16,52
m,izek,34,18,52
m,jaidan,34,18,52
m,cj,33,19,52
m,manav,33,19,52
m,arda,32,20,52
m,bawi,32,20,52
m,jayquan,32,20,52
m,rommel,32,20,52
m,conlan,31,21,52
m,dhilan,31,21,52
m,zarek,31,21,52
m,aidric,30,22,52
m,karder,30,22,52
m,sohum,30,22,52
m,terran,30,22,52
m,viyan,30,22,52
m,cincere,29,23,52
m,zadok,29,23,52
m,zakhi,29,23,52
m,aleister,28,24,52
m,avram,28,24,52
m,caelum,28,24,52
m,demani,28,24,52
m,denali,28,24,52
m,majd,28,24,52
m,tennessee,28,24,52
m,cristo,27,25,52
m,dartagnan,27,25,52
m,elijiah,27,25,52
m,lucus,27,25,52
m,macoy,27,25,52
m,axell,26,26,52
m,juliano,26,26,52
m,nyles,26,26,52
m,yamen,26,26,52
m,huckleberry,25,27,52
m,mehdi,25,27,52
m,nadir,25,27,52
m,nana,25,27,52
m,sharif,24,28,52
m,azazel,23,29,52
m,ryen,23,29,52
m,talmage,23,29,52
m,walton,23,29,52
m,yeshaya,23,29,52
m,brier,22,30,52
m,kacey,22,30,52
m,kalil,22,30,52
m,sander,22,30,52
m,wrigley,22,30,52
m,aristotle,21,31,52
m,kyser,21,31,52
m,rylie,21,31,52
m,shreyansh,21,31,52
m,wynston,21,31,52
m,shloimy,20,32,52
m,redding,19,33,52
m,nicklaus,17,35,52
f,daysha,35,16,51
f,thais,35,16,51
f,adalae,34,17,51
f,caprice,34,17,51
f,dayelin,34,17,51
f,alexsandra,33,18,51
f,elah,33,18,51
f,kennadee,33,18,51
f,reet,33,18,51
f,calianna,32,19,51
f,halia,32,19,51
f,mica,32,19,51
f,allanah,31,20,51
f,alitza,30,21,51
f,avry,30,21,51
f,loralie,30,21,51
f,mattilyn,30,21,51
f,wilma,30,21,51
f,getsemani,29,22,51
f,gisell,29,22,51
f,kieran,29,22,51
f,quincey,29,22,51
f,sari,29,22,51
f,sela,29,22,51
f,september,29,22,51
f,alexie,28,23,51
f,alyx,28,23,51
f,auriana,28,23,51
f,austynn,28,23,51
f,kayce,28,23,51
f,liliann,28,23,51
f,niyla,28,23,51
f,rainy,28,23,51
f,raiya,28,23,51
f,kendell,27,24,51
f,leda,27,24,51
f,pranavi,27,24,51
f,tennessee,27,24,51
f,trenity,27,24,51
f,ziona,27,24,51
f,zyriah,27,24,51
f,amery,26,25,51
f,briah,26,25,51
f,charissa,26,25,51
f,ellyn,26,25,51
f,freedom,26,25,51
f,hayes,26,25,51
f,kathrine,26,25,51
f,kaylianna,26,25,51
f,kayra,26,25,51
f,keilah,26,25,51
f,mattea,26,25,51
f,maysen,26,25,51
f,nishka,26,25,51
f,berlynn,25,26,51
f,chiamaka,25,26,51
f,ellanora,25,26,51
f,emmilyn,25,26,51
f,abbi,24,27,51
f,alizee,24,27,51
f,anila,24,27,51
f,bintou,24,27,51
f,briasia,24,27,51
f,ellyson,24,27,51
f,eshal,24,27,51
f,kamori,24,27,51
f,avalene,23,28,51
f,julieanna,23,28,51
f,oceana,23,28,51
f,rhythm,23,28,51
f,sayla,23,28,51
f,fae,22,29,51
f,genisis,22,29,51
f,larkyn,22,29,51
f,mable,22,29,51
f,savvy,22,29,51
f,annaliyah,21,30,51
f,giavana,21,30,51
f,melaina,21,30,51
f,sitara,21,30,51
f,yuki,21,30,51
f,vasilisa,20,31,51
f,yanira,20,31,51
f,kaizley,19,32,51
f,lyrica,17,34,51
f,nefertari,17,34,51
m,logen,35,16,51
m,atley,33,18,51
m,aneesh,32,19,51
m,cosmo,30,21,51
m,jhon,30,21,51
m,adalberto,29,22,51
m,demoni,29,22,51
m,dierks,29,22,51
m,egan,29,22,51
m,emitt,29,22,51
m,eoghan,29,22,51
m,idan,29,22,51
m,jeison,29,22,51
m,joud,29,22,51
m,keondre,29,22,51
m,maks,29,22,51
m,bogdan,28,23,51
m,camrin,28,23,51
m,zealand,28,23,51
m,daymian,27,24,51
m,josyah,27,24,51
m,pau,27,24,51
m,stacy,27,24,51
m,zayde,27,24,51
m,zubair,27,24,51
m,becker,26,25,51
m,reeves,26,25,51
m,schuyler,26,25,51
m,tej,26,25,51
m,zymere,26,25,51
m,clemente,25,26,51
m,talal,25,26,51
m,an,24,27,51
m,champion,24,27,51
m,grahm,24,27,51
m,harbor,24,27,51
m,kamauri,24,27,51
m,oz,24,27,51
m,paden,24,27,51
m,sanad,24,27,51
m,vian,24,27,51
m,bladimir,23,28,51
m,ernie,23,28,51
m,laszlo,23,28,51
m,mahad,23,28,51
m,parsa,23,28,51
m,yafet,23,28,51
m,ioannis,22,29,51
m,kodah,22,29,51
m,krithik,22,29,51
m,mazin,22,29,51
m,copper,21,30,51
m,haakon,21,30,51
m,jakaiden,21,30,51
m,keyton,21,30,51
m,odell,21,30,51
m,uriyah,21,30,51
m,walt,21,30,51
m,kimani,20,31,51
m,mina,20,31,51
m,eziah,19,32,51
m,jun,19,32,51
m,welles,19,32,51
m,prescott,18,33,51
m,teigan,18,33,51
m,treyden,18,33,51
m,dashiel,17,34,51
m,jailen,17,34,51
m,janson,17,34,51
m,azai,12,39,51
f,sommer,34,16,50
f,saryah,33,17,50
f,emili,32,18,50
f,guiliana,32,18,50
f,lyndi,32,18,50
f,adysen,31,19,50
f,odyssey,31,19,50
f,ellerie,30,20,50
f,katharina,30,20,50
f,alesana,29,21,50
f,annastyn,29,21,50
f,elektra,29,21,50
f,korina,29,21,50
f,kristyn,29,21,50
f,lyllian,29,21,50
f,marelyn,29,21,50
f,aryelle,28,22,50
f,ayiana,28,22,50
f,keasia,28,22,50
f,kelley,28,22,50
f,quin,28,22,50
f,ridhi,28,22,50
f,afnan,27,23,50
f,halina,27,23,50
f,kayzlee,27,23,50
f,maricruz,27,23,50
f,raisa,27,23,50
f,faustina,26,24,50
f,ilah,26,24,50
f,kennadie,26,24,50
f,krishna,26,24,50
f,makylah,26,24,50
f,marylin,26,24,50
f,mathilde,26,24,50
f,nevada,26,24,50
f,skarlet,26,24,50
f,tenlee,26,24,50
f,christal,25,25,50
f,deetya,25,25,50
f,kaylanie,25,25,50
f,kemora,25,25,50
f,krithi,25,25,50
f,nataley,25,25,50
f,neila,25,25,50
f,anahy,24,26,50
f,angelic,24,26,50
f,annarose,24,26,50
f,aviya,24,26,50
f,danah,24,26,50
f,davis,24,26,50
f,eleena,24,26,50
f,emeli,24,26,50
f,jaiyana,24,26,50
f,jakyra,24,26,50
f,jaxyn,24,26,50
f,jezebel,24,26,50
f,jocelin,24,26,50
f,parris,24,26,50
f,sagan,24,26,50
f,basma,23,27,50
f,infinity,23,27,50
f,jadzia,23,27,50
f,leelah,23,27,50
f,marnie,23,27,50
f,sona,23,27,50
f,veyda,23,27,50
f,adelaine,22,28,50
f,annali,22,28,50
f,avyn,22,28,50
f,dreya,22,28,50
f,javeah,22,28,50
f,winnifred,22,28,50
f,zaidee,22,28,50
f,ezmae,21,29,50
f,gurnoor,21,29,50
f,braxtyn,20,30,50
f,lilibeth,20,30,50
f,yeimy,20,30,50
f,charvi,19,31,50
f,perl,19,31,50
f,rayana,19,31,50
f,indya,18,32,50
f,kaija,17,33,50
f,ailen,15,35,50
m,jeancarlo,33,17,50
m,linken,32,18,50
m,roxas,32,18,50
m,galileo,30,20,50
m,nicola,30,20,50
m,coltan,29,21,50
m,darrel,29,21,50
m,gerrit,29,21,50
m,amanuel,28,22,50
m,kofi,28,22,50
m,paxon,28,22,50
m,terron,28,22,50
m,abdoul,27,23,50
m,blessing,27,23,50
m,drayven,27,23,50
m,emeric,27,23,50
m,garett,27,23,50
m,juaquin,27,23,50
m,madhav,27,23,50
m,rayansh,27,23,50
m,kayceon,26,24,50
m,teagen,26,24,50
m,abdulahi,25,25,50
m,bakari,25,25,50
m,gryphon,25,25,50
m,vasilios,25,25,50
m,carrington,24,26,50
m,gershon,24,26,50
m,graison,24,26,50
m,ilijah,24,26,50
m,justyce,24,26,50
m,nylan,24,26,50
m,tavaris,24,26,50
m,corin,23,27,50
m,demitrius,23,27,50
m,escher,23,27,50
m,kaven,23,27,50
m,odyn,23,27,50
m,gustav,22,28,50
m,juwan,22,28,50
m,rivaan,22,28,50
m,brave,21,29,50
m,dhruva,21,29,50
m,thayne,21,29,50
m,hari,20,30,50
m,mithran,20,30,50
m,lucah,19,31,50
m,etienne,18,32,50
m,harlin,18,32,50
m,lowen,18,32,50
m,ajax,17,33,50
m,reyden,15,35,50
m,zaevion,15,35,50
f,jayani,32,17,49
f,kailea,32,17,49
f,kambry,32,17,49
f,aurea,30,19,49
f,janyah,30,19,49
f,maiyah,30,19,49
f,spirit,30,19,49
f,aidyn,29,20,49
f,amylia,29,20,49
f,dariah,29,20,49
f,jatziri,29,20,49
f,laiklyn,29,20,49
f,eiley,28,21,49
f,indra,28,21,49
f,muriel,28,21,49
f,payden,28,21,49
f,bibiana,27,22,49
f,calee,27,22,49
f,callee,27,22,49
f,cruz,27,22,49
f,daizy,27,22,49
f,favor,27,22,49
f,jasey,27,22,49
f,maylynn,27,22,49
f,rishika,27,22,49
f,safiyyah,27,22,49
f,shyanna,27,22,49
f,zaydee,27,22,49
f,daysi,26,23,49
f,hartlee,26,23,49
f,ione,26,23,49
f,kallee,26,23,49
f,maile,26,23,49
f,xoe,26,23,49
f,aviona,25,24,49
f,corie,25,24,49
f,elloise,25,24,49
f,everette,25,24,49
f,jadalyn,25,24,49
f,janella,25,24,49
f,janiece,25,24,49
f,lejla,25,24,49
f,shaindel,25,24,49
f,siri,25,24,49
f,timia,25,24,49
f,viviann,25,24,49
f,aiko,24,25,49
f,camber,24,25,49
f,eily,24,25,49
f,evaline,24,25,49
f,jackson,24,25,49
f,jamyra,24,25,49
f,jaselle,24,25,49
f,jonah,24,25,49
f,mairead,24,25,49
f,natania,24,25,49
f,ryli,24,25,49
f,hazelle,23,26,49
f,jamyla,23,26,49
f,kera,23,26,49
f,laikynn,23,26,49
f,legaci,23,26,49
f,maryellen,23,26,49
f,rosita,23,26,49
f,adler,22,27,49
f,ameila,22,27,49
f,armonie,22,27,49
f,avianah,22,27,49
f,danitza,22,27,49
f,korinne,22,27,49
f,zyasia,22,27,49
f,anayla,21,28,49
f,courtlyn,21,28,49
f,declan,21,28,49
f,jazzmine,21,28,49
f,adalaide,20,29,49
f,loxley,20,29,49
f,nuri,20,29,49
f,tyonna,20,29,49
f,zunairah,20,29,49
f,amarissa,19,30,49
f,anevay,19,30,49
f,kylen,19,30,49
f,royalti,19,30,49
f,torri,18,31,49
f,arynn,16,33,49
f,hazelynn,16,33,49
f,heiress,15,34,49
f,ailish,11,38,49
m,cylis,32,17,49
m,kaidon,32,17,49
m,atlee,31,18,49
m,cotton,31,18,49
m,hutton,31,18,49
m,mostafa,30,19,49
m,nassir,30,19,49
m,keshaun,29,20,49
m,torrey,29,20,49
m,tycen,29,20,49
m,adi,28,21,49
m,jameis,28,21,49
m,myer,28,21,49
m,nachman,28,21,49
m,antwone,27,22,49
m,jc,27,22,49
m,darey,26,23,49
m,kingdavid,26,23,49
m,narek,26,23,49
m,rocket,26,23,49
m,vittorio,26,23,49
m,bosco,25,24,49
m,christon,25,24,49
m,dirk,25,24,49
m,dustyn,25,24,49
m,exodus,25,24,49
m,hesston,25,24,49
m,jabez,25,24,49
m,kalan,25,24,49
m,sammuel,25,24,49
m,wyland,25,24,49
m,arlan,24,25,49
m,dimas,24,25,49
m,kashius,24,25,49
m,niklas,24,25,49
m,romero,24,25,49
m,sriram,24,25,49
m,jacinto,23,26,49
m,odysseus,23,26,49
m,styles,23,26,49
m,daryn,22,27,49
m,haniel,22,27,49
m,jancarlo,22,27,49
m,jasson,22,27,49
m,mubarak,22,27,49
m,trayson,22,27,49
m,haidyn,21,28,49
m,izik,21,28,49
m,mannix,21,28,49
m,nakoa,21,28,49
m,silvio,21,28,49
m,umair,21,28,49
m,kanoa,20,29,49
m,reza,20,29,49
m,aviv,19,30,49
m,aquiles,18,31,49
m,ezrael,18,31,49
m,jaquez,18,31,49
m,samy,18,31,49
m,bowden,17,32,49
m,whitley,16,33,49
m,kerim,11,38,49
f,tamari,30,18,48
f,emiley,29,19,48
f,gwynn,29,19,48
f,jasmina,29,19,48
f,madilynne,29,19,48
f,franki,28,20,48
f,mataya,28,20,48
f,myleigh,28,20,48
f,kamoni,27,21,48
f,loreal,27,21,48
f,meika,27,21,48
f,nakiyah,27,21,48
f,alayia,26,22,48
f,amauri,26,22,48
f,celestina,26,22,48
f,deliah,26,22,48
f,jamira,26,22,48
f,july,26,22,48
f,kristie,26,22,48
f,makya,26,22,48
f,menaal,26,22,48
f,nizhoni,26,22,48
f,alley,25,23,48
f,aryam,25,23,48
f,damoni,25,23,48
f,jeanna,25,23,48
f,keniyah,25,23,48
f,magdalyn,25,23,48
f,aamina,24,24,48
f,blaise,24,24,48
f,breeze,24,24,48
f,evany,24,24,48
f,keirra,24,24,48
f,kristi,24,24,48
f,lyndon,24,24,48
f,neyla,24,24,48
f,sadia,24,24,48
f,seriyah,24,24,48
f,analiz,23,25,48
f,audrielle,23,25,48
f,camia,23,25,48
f,evaluna,23,25,48
f,gracelynne,23,25,48
f,jae,23,25,48
f,jazariah,23,25,48
f,leeyah,23,25,48
f,maverick,23,25,48
f,zen,23,25,48
f,cleopatra,22,26,48
f,cyan,22,26,48
f,ellamarie,22,26,48
f,filomena,22,26,48
f,griffin,22,26,48
f,samayah,22,26,48
f,siyah,22,26,48
f,camiya,21,27,48
f,camry,21,27,48
f,delfina,21,27,48
f,launa,21,27,48
f,yaneth,21,27,48
f,aerith,20,28,48
f,jorie,20,28,48
f,luzmaria,20,28,48
f,novalie,20,28,48
f,avangeline,19,29,48
f,imara,19,29,48
f,kamyra,19,29,48
f,kelise,19,29,48
f,maddix,19,29,48
f,marykate,19,29,48
f,allura,18,30,48
f,amreen,18,30,48
f,runa,18,30,48
f,adanna,17,31,48
f,eh,17,31,48
f,liliya,17,31,48
f,elenora,14,34,48
m,bryceson,34,14,48
m,deklen,32,16,48
m,kitai,32,16,48
m,fareed,31,17,48
m,jak,31,17,48
m,briley,30,18,48
m,rubin,30,18,48
m,zayed,30,18,48
m,ahad,28,20,48
m,aydrian,28,20,48
m,dre,28,20,48
m,joachim,28,20,48
m,jozef,28,20,48
m,kavi,28,20,48
m,quadir,28,20,48
m,yoseph,28,20,48
m,gianfranco,27,21,48
m,maaz,27,21,48
m,matthieu,27,21,48
m,banyan,26,22,48
m,brodee,26,22,48
m,matai,26,22,48
m,nery,26,22,48
m,siddhant,26,22,48
m,yadriel,26,22,48
m,yeison,26,22,48
m,yulian,26,22,48
m,cashel,25,23,48
m,cleveland,25,23,48
m,ehan,25,23,48
m,giacomo,25,23,48
m,keston,25,23,48
m,zadyn,25,23,48
m,amay,24,24,48
m,coulter,24,24,48
m,erion,24,24,48
m,richmond,24,24,48
m,sammie,24,24,48
m,alanzo,23,25,48
m,trentin,23,25,48
m,zeno,23,25,48
m,avenir,22,26,48
m,fintan,22,26,48
m,kaeleb,22,26,48
m,koi,22,26,48
m,mesiah,22,26,48
m,nabeel,22,26,48
m,quintus,22,26,48
m,poseidon,21,27,48
m,rahmir,21,27,48
m,cass,20,28,48
m,kutter,20,28,48
m,lochlann,20,28,48
m,tilden,20,28,48
m,kartier,19,29,48
m,yan,18,30,48
m,ashby,17,31,48
m,meshilem,17,31,48
f,shaylyn,33,14,47
f,annasophia,32,15,47
f,bellah,30,17,47
f,gloriana,30,17,47
f,kilee,30,17,47
f,jamyiah,29,18,47
f,joshlyn,29,18,47
f,krystina,29,18,47
f,ajla,28,19,47
f,ayomide,28,19,47
f,corra,28,19,47
f,evalynne,28,19,47
f,jacinda,28,19,47
f,lizzy,28,19,47
f,raeann,28,19,47
f,rayden,28,19,47
f,zeena,28,19,47
f,blen,27,20,47
f,deirdre,27,20,47
f,nashly,27,20,47
f,noemie,27,20,47
f,amran,26,21,47
f,cari,26,21,47
f,fatema,26,21,47
f,fia,26,21,47
f,fradel,26,21,47
f,gypsy,26,21,47
f,irlanda,26,21,47
f,ivyonna,26,21,47
f,janayah,26,21,47
f,maniyah,26,21,47
f,melah,26,21,47
f,ravenna,26,21,47
f,tehilla,26,21,47
f,tommie,26,21,47
f,batya,25,22,47
f,dannie,25,22,47
f,jabria,25,22,47
f,josslynn,25,22,47
f,khalessi,25,22,47
f,kyana,25,22,47
f,noreen,25,22,47
f,remmi,25,22,47
f,ruchy,25,22,47
f,shailene,25,22,47
f,zelia,25,22,47
f,havilah,24,23,47
f,kaloni,24,23,47
f,lenyx,24,23,47
f,manar,24,23,47
f,maryella,24,23,47
f,mirah,24,23,47
f,quorra,24,23,47
f,riddhi,24,23,47
f,zaryiah,24,23,47
f,ayumi,23,24,47
f,dariela,23,24,47
f,esmerelda,23,24,47
f,finnleigh,23,24,47
f,maryalice,23,24,47
f,raziya,23,24,47
f,trudy,23,24,47
f,zowie,23,24,47
f,zyaire,23,24,47
f,alahia,22,25,47
f,dalexa,22,25,47
f,dru,22,25,47
f,kaleyah,22,25,47
f,kallista,22,25,47
f,lilya,22,25,47
f,malana,22,25,47
f,noemy,22,25,47
f,siara,22,25,47
f,darling,21,26,47
f,huxley,21,26,47
f,karena,21,26,47
f,lilyth,21,26,47
f,neah,21,26,47
f,willamina,21,26,47
f,aluna,20,27,47
f,jaelee,20,27,47
f,mireille,20,27,47
f,ruqayyah,20,27,47
f,tasnim,20,27,47
f,aairah,19,28,47
f,duaa,19,28,47
f,hazelyn,19,28,47
f,meenakshi,19,28,47
f,shantel,19,28,47
f,devan,18,29,47
f,daira,17,30,47
f,sheryl,17,30,47
f,kaida,16,31,47
f,tavia,16,31,47
f,adhira,13,34,47
m,arlin,30,17,47
m,osbaldo,30,17,47
m,bassam,28,19,47
m,carnell,28,19,47
m,jaxsin,28,19,47
m,joshuah,28,19,47
m,race,28,19,47
m,abran,27,20,47
m,demar,27,20,47
m,jiovani,27,20,47
m,johnhenry,27,20,47
m,praise,27,20,47
m,rajon,27,20,47
m,ruslan,27,20,47
m,tayler,27,20,47
m,abdelrahman,26,21,47
m,bray,26,21,47
m,charly,26,21,47
m,edvin,26,21,47
m,jaelen,26,21,47
m,jarett,26,21,47
m,kiefer,26,21,47
m,mychael,26,21,47
m,noland,26,21,47
m,andrae,25,22,47
m,aycen,25,22,47
m,braydyn,25,22,47
m,khaiden,25,22,47
m,talib,25,22,47
m,aleksey,24,23,47
m,kean,24,23,47
m,khylen,24,23,47
m,kinsler,24,23,47
m,ky,24,23,47
m,phenix,24,23,47
m,quincey,24,23,47
m,taggart,24,23,47
m,tallen,24,23,47
m,amory,23,24,47
m,carey,23,24,47
m,kingstin,23,24,47
m,lennix,23,24,47
m,neythan,23,24,47
m,cheskel,22,25,47
m,dayvion,22,25,47
m,erasmo,22,25,47
m,eythan,22,25,47
m,findlay,22,25,47
m,jajuan,22,25,47
m,lamir,22,25,47
m,mitchel,22,25,47
m,deshun,21,26,47
m,kamani,21,26,47
m,kipp,21,26,47
m,reno,21,26,47
m,ashar,20,27,47
m,derian,20,27,47
m,enrico,20,27,47
m,jeremie,20,27,47
m,arath,19,28,47
m,artemis,19,28,47
m,avik,19,28,47
m,creek,19,28,47
m,darvin,19,28,47
m,lelan,19,28,47
m,muhamed,19,28,47
m,gaines,18,29,47
m,seneca,18,29,47
m,zaxton,17,30,47
m,callaway,16,31,47
m,jidenna,11,36,47
f,carma,31,15,46
f,nashley,31,15,46
f,cortana,30,16,46
f,varsha,30,16,46
f,arial,29,17,46
f,karalynn,29,17,46
f,alexzandria,28,18,46
f,braelee,28,18,46
f,aubreanna,27,19,46
f,brealynn,27,19,46
f,breya,27,19,46
f,inna,27,19,46
f,madeleyn,27,19,46
f,genesys,26,20,46
f,mele,26,20,46
f,svetlana,26,20,46
f,anyiah,25,21,46
f,arilyn,25,21,46
f,dalis,25,21,46
f,manya,25,21,46
f,richelle,25,21,46
f,suhaylah,25,21,46
f,danyelle,24,22,46
f,kamber,24,22,46
f,kassidee,24,22,46
f,margeaux,24,22,46
f,miyana,24,22,46
f,verona,24,22,46
f,aalyiah,23,23,46
f,amri,23,23,46
f,caley,23,23,46
f,dea,23,23,46
f,dorian,23,23,46
f,hadeel,23,23,46
f,helaina,23,23,46
f,kalianna,23,23,46
f,naiyah,23,23,46
f,quinnlyn,23,23,46
f,zaire,23,23,46
f,brittyn,22,24,46
f,enna,22,24,46
f,hailyn,22,24,46
f,ixchel,22,24,46
f,nevayah,22,24,46
f,teanna,22,24,46
f,twila,22,24,46
f,vela,22,24,46
f,copeland,21,25,46
f,jala,21,25,46
f,josselin,21,25,46
f,zuleika,21,25,46
f,dayami,20,26,46
f,eliah,20,26,46
f,laylanie,20,26,46
f,menucha,20,26,46
f,niki,20,26,46
f,nixon,20,26,46
f,sansa,20,26,46
f,amayra,19,27,46
f,crosby,19,27,46
f,elysa,19,27,46
f,kaislee,19,27,46
f,nusaybah,19,27,46
f,saskia,19,27,46
f,zuriel,19,27,46
f,ariam,18,28,46
f,davianna,18,28,46
f,vaani,18,28,46
f,yzabella,18,28,46
f,indica,17,29,46
f,amylah,16,30,46
f,edelyn,14,32,46
f,teyanna,14,32,46
m,amarri,30,16,46
m,henrry,30,16,46
m,lander,29,17,46
m,sufyan,29,17,46
m,jihad,28,18,46
m,marquell,28,18,46
m,yechezkel,28,18,46
m,anjel,27,19,46
m,jceon,27,19,46
m,kaesyn,27,19,46
m,keeton,27,19,46
m,shloime,27,19,46
m,alexandru,26,20,46
m,iziah,26,20,46
m,kenson,26,20,46
m,kobie,26,20,46
m,madix,26,20,46
m,zeth,26,20,46
m,andi,25,21,46
m,arnoldo,25,21,46
m,cobe,25,21,46
m,elgin,25,21,46
m,jusiah,25,21,46
m,izaan,24,22,46
m,jaivion,24,22,46
m,silvestre,24,22,46
m,xzavion,24,22,46
m,aadit,23,23,46
m,cavin,23,23,46
m,elroy,23,23,46
m,horace,23,23,46
m,ismaeel,23,23,46
m,maynor,23,23,46
m,navid,23,23,46
m,trigg,23,23,46
m,irie,22,24,46
m,lukus,22,24,46
m,qais,22,24,46
m,celso,21,25,46
m,derrell,21,25,46
m,giancarlos,21,25,46
m,jj,21,25,46
m,aedyn,20,26,46
m,aldon,20,26,46
m,jayme,20,26,46
m,jeyson,20,26,46
m,can,19,27,46
m,eliaz,19,27,46
m,harmon,19,27,46
m,satvik,19,27,46
m,yossi,19,27,46
m,chidubem,18,28,46
m,evaan,18,28,46
m,novak,18,28,46
m,ubaldo,18,28,46
m,drayson,15,31,46
m,karlo,15,31,46
m,rakim,14,32,46
f,mackynzie,34,11,45
f,brigette,31,14,45
f,calissa,31,14,45
f,briza,29,16,45
f,galileah,29,16,45
f,jameria,29,16,45
f,kaysie,29,16,45
f,kaytlin,29,16,45
f,sachi,29,16,45
f,zerenity,29,16,45
f,anyssa,28,17,45
f,cozette,28,17,45
f,laveah,28,17,45
f,zailynn,28,17,45
f,akayla,27,18,45
f,yanelly,27,18,45
f,adilee,26,19,45
f,alexiana,26,19,45
f,anusha,26,19,45
f,harlym,26,19,45
f,kaylinn,26,19,45
f,nuha,26,19,45
f,alahni,25,20,45
f,camrynn,25,20,45
f,cassidee,25,20,45
f,hanah,25,20,45
f,marylou,25,20,45
f,mianna,25,20,45
f,zephyr,25,20,45
f,adabelle,24,21,45
f,faithlyn,24,21,45
f,jenae,24,21,45
f,lua,24,21,45
f,maison,24,21,45
f,signe,24,21,45
f,aleisha,23,22,45
f,batoul,23,22,45
f,elenore,23,22,45
f,hajar,23,22,45
f,maleya,23,22,45
f,noriah,23,22,45
f,zaelyn,23,22,45
f,arilynn,22,23,45
f,caliah,22,23,45
f,connor,22,23,45
f,hinata,22,23,45
f,illianna,22,23,45
f,jaimie,22,23,45
f,jennavieve,22,23,45
f,kiyana,22,23,45
f,tamsin,22,23,45
f,amada,21,24,45
f,analis,21,24,45
f,audie,21,24,45
f,joud,21,24,45
f,joya,21,24,45
f,kemani,21,24,45
f,semira,21,24,45
f,zenia,21,24,45
f,azriel,20,25,45
f,delores,20,25,45
f,erza,20,25,45
f,hamdi,20,25,45
f,katty,20,25,45
f,kyri,20,25,45
f,alainna,19,26,45
f,aleiyah,19,26,45
f,alva,19,26,45
f,brianda,19,26,45
f,jarely,19,26,45
f,kaidynce,19,26,45
f,kristianna,19,26,45
f,meylin,19,26,45
f,paighton,19,26,45
f,shree,19,26,45
f,aerin,18,27,45
f,leilanni,18,27,45
f,lynnette,18,27,45
f,rut,18,27,45
f,lilo,17,28,45
f,zephaniah,17,28,45
f,zyanya,17,28,45
f,shanel,16,29,45
f,ximenna,16,29,45
f,miesha,13,32,45
f,danelly,8,37,45
m,kadrian,31,14,45
m,laksh,30,15,45
m,latham,29,16,45
m,anden,28,17,45
m,bless,28,17,45
m,bralyn,28,17,45
m,breckyn,28,17,45
m,golden,28,17,45
m,josemaria,28,17,45
m,khi,28,17,45
m,kolsen,28,17,45
m,jamell,27,18,45
m,markeith,27,18,45
m,ulisses,27,18,45
m,zebadiah,27,18,45
m,andree,26,19,45
m,boy,26,19,45
m,brevin,26,19,45
m,gunther,26,19,45
m,cayman,25,20,45
m,olan,25,20,45
m,whitten,25,20,45
m,ciro,24,21,45
m,dmarion,24,21,45
m,rhyland,24,21,45
m,rueben,24,21,45
m,saketh,24,21,45
m,stirling,24,21,45
m,tarun,24,21,45
m,taten,24,21,45
m,dalvin,23,22,45
m,jeremi,23,22,45
m,kessler,23,22,45
m,loghan,23,22,45
m,aly,22,23,45
m,decklin,22,23,45
m,franklyn,22,23,45
m,hudsyn,22,23,45
m,krishav,22,23,45
m,lavelle,22,23,45
m,masai,22,23,45
m,oran,22,23,45
m,zamar,22,23,45
m,kejuan,21,24,45
m,oumar,21,24,45
m,shayden,21,24,45
m,tayven,21,24,45
m,torey,21,24,45
m,viyaan,21,24,45
m,waylin,21,24,45
m,wilhelm,21,24,45
m,adarius,20,25,45
m,kavish,20,25,45
m,nayel,20,25,45
m,rolan,20,25,45
m,tyjuan,20,25,45
m,zein,20,25,45
m,alfie,19,26,45
m,gracin,19,26,45
m,vlad,19,26,45
m,boubacar,18,27,45
m,scottie,18,27,45
m,koji,17,28,45
m,rondell,17,28,45
m,tadhg,17,28,45
m,andrick,16,29,45
m,huey,15,30,45
m,olyver,15,30,45
m,jedi,13,32,45
m,doc,10,35,45
m,teigen,9,36,45
f,nicoletta,32,12,44
f,katelin,31,13,44
f,cobie,30,14,44
f,delayza,30,14,44
f,kylea,29,15,44
f,nasya,29,15,44
f,sayde,29,15,44
f,yaslin,29,15,44
f,ambria,28,16,44
f,carmina,28,16,44
f,lakayla,28,16,44
f,meelah,28,16,44
f,shani,28,16,44
f,baylei,27,17,44
f,betzaida,27,17,44
f,dalayza,27,17,44
f,nadiyah,27,17,44
f,promyse,27,17,44
f,alajah,26,18,44
f,karianna,26,18,44
f,kayana,26,18,44
f,mikyla,26,18,44
f,sonny,26,18,44
f,tonya,26,18,44
f,allyanna,25,19,44
f,azelia,25,19,44
f,ellise,25,19,44
f,justus,25,19,44
f,killian,25,19,44
f,natalina,25,19,44
f,raylie,25,19,44
f,aanika,24,20,44
f,aidan,24,20,44
f,ambrielle,24,20,44
f,anavictoria,24,20,44
f,anvita,24,20,44
f,ariona,24,20,44
f,ayse,24,20,44
f,jaia,24,20,44
f,jalena,24,20,44
f,keana,24,20,44
f,keysha,24,20,44
f,lochlyn,24,20,44
f,malania,24,20,44
f,maryana,24,20,44
f,solei,24,20,44
f,van,24,20,44
f,xandria,24,20,44
f,blessin,23,21,44
f,emmalynne,23,21,44
f,matea,23,21,44
f,meliyah,23,21,44
f,persia,23,21,44
f,rosina,23,21,44
f,zaylynn,23,21,44
f,delana,22,22,44
f,ivee,22,22,44
f,janyiah,22,22,44
f,kandace,22,22,44
f,lyliana,22,22,44
f,mamie,22,22,44
f,nadeen,22,22,44
f,sila,22,22,44
f,storie,22,22,44
f,tahira,22,22,44
f,aissata,21,23,44
f,ameliya,21,23,44
f,ardyn,21,23,44
f,calynn,21,23,44
f,chidera,21,23,44
f,madelaine,21,23,44
f,madi,21,23,44
f,niva,21,23,44
f,valorie,21,23,44
f,avory,20,24,44
f,evangelia,20,24,44
f,geovanna,20,24,44
f,hadia,20,24,44
f,karolyn,20,24,44
f,kayda,20,24,44
f,kennya,20,24,44
f,layanna,20,24,44
f,naidelyn,20,24,44
f,nataliah,20,24,44
f,nehemiah,20,24,44
f,quinnley,20,24,44
f,leiani,19,25,44
f,mahina,19,25,44
f,melanee,19,25,44
f,amory,18,26,44
f,aviyah,18,26,44
f,chrislyn,18,26,44
f,conley,18,26,44
f,owen,18,26,44
f,aaniya,17,27,44
f,bo,17,27,44
f,eliani,17,27,44
f,jeanine,17,27,44
f,ahlani,16,28,44
f,eleora,16,28,44
f,melrose,16,28,44
f,aveyah,15,29,44
f,xareni,14,30,44
f,caila,13,31,44
f,lizabeth,13,31,44
f,nainika,13,31,44
m,rickie,31,13,44
m,branton,30,14,44
m,uzair,29,15,44
m,armond,28,16,44
m,carston,27,17,44
m,darby,27,17,44
m,sedrick,27,17,44
m,adien,26,18,44
m,ahsan,26,18,44
m,mister,26,18,44
m,aymen,25,19,44
m,elric,25,19,44
m,tito,25,19,44
m,caston,24,20,44
m,cyan,24,20,44
m,jordany,24,20,44
m,otoniel,24,20,44
m,thoren,24,20,44
m,aleks,23,21,44
m,evangelos,23,21,44
m,khoi,23,21,44
m,zadrian,23,21,44
m,amiri,22,22,44
m,aran,22,22,44
m,cardell,22,22,44
m,garner,22,22,44
m,kaz,22,22,44
m,kinan,22,22,44
m,sheamus,22,22,44
m,treshawn,22,22,44
m,vir,22,22,44
m,younes,22,22,44
m,advith,21,23,44
m,artemio,21,23,44
m,blas,21,23,44
m,dashaun,21,23,44
m,elim,21,23,44
m,heinrich,21,23,44
m,keiden,21,23,44
m,nikolaus,21,23,44
m,quill,21,23,44
m,brix,20,24,44
m,jeanluc,20,24,44
m,justis,20,24,44
m,mikell,20,24,44
m,myka,20,24,44
m,rumi,20,24,44
m,brailyn,19,25,44
m,imani,19,25,44
m,kayan,19,25,44
m,vincente,19,25,44
m,alexsander,18,26,44
m,kross,18,26,44
m,kyllian,18,26,44
m,leonid,17,27,44
m,naythan,17,27,44
m,siraj,17,27,44
m,yusif,17,27,44
m,kingdom,16,28,44
m,reyaansh,16,28,44
m,castor,15,29,44
m,januel,15,29,44
m,zeyad,15,29,44
m,caisen,14,30,44
f,abrish,29,14,43
f,saachi,28,15,43
f,aariana,27,16,43
f,ezabella,27,16,43
f,kasia,27,16,43
f,marlayna,27,16,43
f,disha,26,17,43
f,jessika,26,17,43
f,kaylana,26,17,43
f,kyia,26,17,43
f,nabila,26,17,43
f,anjolaoluwa,25,18,43
f,bristal,25,18,43
f,eiliyah,25,18,43
f,gurleen,25,18,43
f,keyri,25,18,43
f,keysi,25,18,43
f,leylanie,25,18,43
f,adama,24,19,43
f,aerabella,24,19,43
f,amilliana,24,19,43
f,brixton,24,19,43
f,bruchy,24,19,43
f,daphney,24,19,43
f,fianna,24,19,43
f,laiah,24,19,43
f,lexani,24,19,43
f,maybree,24,19,43
f,myleah,24,19,43
f,zania,24,19,43
f,anasophia,23,20,43
f,ayonna,23,20,43
f,charlea,23,20,43
f,declyn,23,20,43
f,ellyse,23,20,43
f,erabella,23,20,43
f,jacquelynn,23,20,43
f,keilly,23,20,43
f,merari,23,20,43
f,mimi,23,20,43
f,shamiya,23,20,43
f,tyliah,23,20,43
f,brynli,22,21,43
f,emmalie,22,21,43
f,fraya,22,21,43
f,jennica,22,21,43
f,kamorah,22,21,43
f,kyliah,22,21,43
f,mckenzy,22,21,43
f,mekayla,22,21,43
f,najah,22,21,43
f,nana,22,21,43
f,phyllis,22,21,43
f,rhys,22,21,43
f,ryver,22,21,43
f,shreeya,22,21,43
f,thora,22,21,43
f,anara,21,22,43
f,domenica,21,22,43
f,flynn,21,22,43
f,gabryella,21,22,43
f,ifeoluwa,21,22,43
f,kourtlyn,21,22,43
f,mallori,21,22,43
f,maryelizabeth,21,22,43
f,neomi,21,22,43
f,rosaly,21,22,43
f,solveig,21,22,43
f,teya,21,22,43
f,zalaya,21,22,43
f,arihanna,20,23,43
f,carlynn,20,23,43
f,ginny,20,23,43
f,zeniyah,20,23,43
f,addley,19,24,43
f,angeliz,19,24,43
f,deniyah,19,24,43
f,gennesis,19,24,43
f,jezabel,19,24,43
f,kemiyah,19,24,43
f,kynnedy,19,24,43
f,mumtaz,19,24,43
f,remmy,19,24,43
f,renley,19,24,43
f,saydie,19,24,43
f,shoshanna,19,24,43
f,tempest,19,24,43
f,zeva,19,24,43
f,zurisadai,19,24,43
f,emalie,18,25,43
f,ezmeralda,18,25,43
f,joplin,18,25,43
f,maelle,18,25,43
f,rani,18,25,43
f,tensley,18,25,43
f,dima,17,26,43
f,makinzie,17,26,43
f,paw,17,26,43
f,skarlette,17,26,43
f,krystel,16,27,43
f,zahria,15,28,43
f,keilany,14,29,43
f,ohana,13,30,43
m,jentry,31,12,43
m,bentzion,29,14,43
m,broc,29,14,43
m,amarius,28,15,43
m,benuel,28,15,43
m,crispin,28,15,43
m,kairos,28,15,43
m,tayshawn,28,15,43
m,kanye,26,17,43
m,newton,26,17,43
m,ruston,26,17,43
m,greer,25,18,43
m,lakin,25,18,43
m,ryon,25,18,43
m,faizan,24,19,43
m,jeevan,24,19,43
m,jese,24,19,43
m,nomar,24,19,43
m,tabor,24,19,43
m,yeiden,24,19,43
m,zyire,24,19,43
m,aras,23,20,43
m,draiden,23,20,43
m,emet,23,20,43
m,matan,23,20,43
m,netanel,23,20,43
m,pinchus,23,20,43
m,skylan,23,20,43
m,zalmen,23,20,43
m,zaylon,23,20,43
m,blain,22,21,43
m,darryn,22,21,43
m,delbert,22,21,43
m,trinidad,22,21,43
m,arshan,21,22,43
m,braedan,21,22,43
m,euan,21,22,43
m,garland,21,22,43
m,jerron,21,22,43
m,khaliq,21,22,43
m,martavious,21,22,43
m,taft,21,22,43
m,tramaine,21,22,43
m,willian,21,22,43
m,adarsh,20,23,43
m,amil,20,23,43
m,cameran,20,23,43
m,daris,20,23,43
m,deshon,20,23,43
m,kedrick,20,23,43
m,kenyan,20,23,43
m,neithan,20,23,43
m,oziah,20,23,43
m,rahman,20,23,43
m,tabias,20,23,43
m,derrek,19,24,43
m,lucciano,19,24,43
m,rj,19,24,43
m,saatvik,19,24,43
m,sekou,19,24,43
m,shamus,19,24,43
m,abrahim,18,25,43
m,finian,18,25,43
m,hamdan,18,25,43
m,manasseh,18,25,43
m,neiko,18,25,43
m,zayvier,18,25,43
m,ashvik,17,26,43
m,makana,14,29,43
m,opie,14,29,43
m,alon,12,31,43
f,aunna,30,12,42
f,avneet,28,14,42
f,risha,28,14,42
f,miarose,27,15,42
f,rossy,27,15,42
f,tiffani,27,15,42
f,xylia,27,15,42
f,auna,26,16,42
f,florencia,26,16,42
f,kassia,26,16,42
f,khai,26,16,42
f,maayan,26,16,42
f,maelani,26,16,42
f,tabatha,26,16,42
f,apollonia,25,17,42
f,damani,25,17,42
f,myanna,25,17,42
f,nixie,25,17,42
f,ysabel,25,17,42
f,alyzah,24,18,42
f,camora,24,18,42
f,ellagrace,24,18,42
f,elynn,24,18,42
f,payzlee,24,18,42
f,saida,24,18,42
f,anaira,23,19,42
f,kashmir,23,19,42
f,kelby,23,19,42
f,lanya,23,19,42
f,mckinzie,23,19,42
f,meyah,23,19,42
f,shaira,23,19,42
f,albany,22,20,42
f,ashely,22,20,42
f,aubryn,22,20,42
f,january,22,20,42
f,jaxon,22,20,42
f,kamira,22,20,42
f,lasya,22,20,42
f,madisynn,22,20,42
f,makyah,22,20,42
f,mickayla,22,20,42
f,patrice,22,20,42
f,ramiah,22,20,42
f,yulia,22,20,42
f,zehra,22,20,42
f,emersynn,21,21,42
f,jazzmin,21,21,42
f,maeli,21,21,42
f,rama,21,21,42
f,samina,21,21,42
f,viridiana,21,21,42
f,vivi,21,21,42
f,aella,20,22,42
f,allianna,20,22,42
f,gisel,20,22,42
f,kyliegh,20,22,42
f,mera,20,22,42
f,zoraya,20,22,42
f,aide,19,23,42
f,dariya,19,23,42
f,freida,19,23,42
f,giorgia,19,23,42
f,kensey,19,23,42
f,marsha,19,23,42
f,nicolina,19,23,42
f,paiton,19,23,42
f,paytin,19,23,42
f,preston,19,23,42
f,zelena,19,23,42
f,desi,18,24,42
f,havanna,18,24,42
f,niang,18,24,42
f,rhonda,18,24,42
f,sarafina,18,24,42
f,charlise,17,25,42
f,damaya,17,25,42
f,gioia,17,25,42
f,talaysia,17,25,42
f,tamiah,17,25,42
f,aolanis,16,26,42
f,clarisse,16,26,42
f,hazely,16,26,42
f,lively,16,26,42
f,onalee,16,26,42
f,azara,15,27,42
f,bexleigh,12,30,42
f,louna,7,35,42
m,layten,32,10,42
m,rance,30,12,42
m,aaryn,29,13,42
m,eston,29,13,42
m,castle,27,15,42
m,nikolay,27,15,42
m,savior,27,15,42
m,dublin,26,16,42
m,aboubacar,25,17,42
m,jalani,25,17,42
m,jarek,25,17,42
m,jashaun,25,17,42
m,naveed,25,17,42
m,rogue,25,17,42
m,salih,25,17,42
m,wilton,25,17,42
m,artur,24,18,42
m,chanse,24,18,42
m,kaydyn,24,18,42
m,lion,24,18,42
m,ronav,24,18,42
m,taevion,24,18,42
m,christain,23,19,42
m,jamey,23,19,42
m,jettson,23,19,42
m,santonio,23,19,42
m,wael,23,19,42
m,davey,22,20,42
m,hale,22,20,42
m,nikos,22,20,42
m,olsen,22,20,42
m,berl,21,21,42
m,derin,21,21,42
m,elazar,21,21,42
m,itzael,21,21,42
m,lamarr,21,21,42
m,ramzi,21,21,42
m,zayveon,21,21,42
m,ziaire,21,21,42
m,abdimalik,20,22,42
m,amilio,20,22,42
m,helios,20,22,42
m,lamari,20,22,42
m,louden,20,22,42
m,taylin,20,22,42
m,timoteo,20,22,42
m,ahren,19,23,42
m,dajon,19,23,42
m,geo,19,23,42
m,judas,19,23,42
m,ahnaf,18,24,42
m,jayko,18,24,42
m,mustapha,18,24,42
m,tyden,18,24,42
m,bruin,17,25,42
m,remmington,17,25,42
m,ayyub,16,26,42
m,dayvon,16,26,42
m,hashem,16,26,42
m,shaul,16,26,42
m,teodor,16,26,42
m,braycen,15,27,42
m,delmar,15,27,42
m,geremy,15,27,42
m,yunis,15,27,42
m,aldin,13,29,42
m,bensyn,13,29,42
m,lyfe,13,29,42
f,adna,29,12,41
f,alitzel,28,13,41
f,hennessey,27,14,41
f,sunjai,27,14,41
f,analyn,26,15,41
f,ely,26,15,41
f,elyn,26,15,41
f,kahli,26,15,41
f,madigan,26,15,41
f,maricella,26,15,41
f,barrett,25,16,41
f,daija,25,16,41
f,inessa,25,16,41
f,kelia,25,16,41
f,kellen,25,16,41
f,mana,25,16,41
f,mitzi,25,16,41
f,adya,24,17,41
f,charliee,24,17,41
f,damari,24,17,41
f,demiya,24,17,41
f,joanie,24,17,41
f,teal,24,17,41
f,caelynn,23,18,41
f,catelynn,23,18,41
f,jenika,23,18,41
f,retal,23,18,41
f,shruti,23,18,41
f,sura,23,18,41
f,verena,23,18,41
f,aixa,22,19,41
f,ashleen,22,19,41
f,bryer,22,19,41
f,eda,22,19,41
f,inga,22,19,41
f,jeanelle,22,19,41
f,nayara,22,19,41
f,shariah,22,19,41
f,taina,22,19,41
f,tylynn,22,19,41
f,zalia,22,19,41
f,zunaira,22,19,41
f,ashlie,21,20,41
f,elka,21,20,41
f,evynn,21,20,41
f,harleyquinn,21,20,41
f,jolena,21,20,41
f,kaileah,21,20,41
f,kailin,21,20,41
f,maddalynn,21,20,41
f,mora,21,20,41
f,tamaya,21,20,41
f,anneli,20,21,41
f,aveya,20,21,41
f,isidora,20,21,41
f,jenasis,20,21,41
f,jory,20,21,41
f,loralai,20,21,41
f,makaya,20,21,41
f,nicola,20,21,41
f,saphire,20,21,41
f,syniah,20,21,41
f,aaron,19,22,41
f,alaijah,19,22,41
f,auset,19,22,41
f,aviannah,19,22,41
f,aziya,19,22,41
f,corey,19,22,41
f,fiora,19,22,41
f,hasset,19,22,41
f,mailey,19,22,41
f,rubee,19,22,41
f,zendayah,19,22,41
f,zuleyma,19,22,41
f,alleigh,18,23,41
f,amilyah,18,23,41
f,camiah,18,23,41
f,malone,18,23,41
f,nolan,18,23,41
f,quinlee,18,23,41
f,quinlyn,18,23,41
f,yocelyn,18,23,41
f,zanna,18,23,41
f,abbigayle,17,24,41
f,alania,17,24,41
f,anina,17,24,41
f,lakely,17,24,41
f,oreoluwa,17,24,41
f,tristen,17,24,41
f,xoey,17,24,41
f,zayley,17,24,41
f,bela,16,25,41
f,chizara,16,25,41
f,dionna,16,25,41
f,eleina,16,25,41
f,jeniyah,16,25,41
f,joycelyn,16,25,41
f,kyanna,16,25,41
f,sriya,16,25,41
f,tinsleigh,16,25,41
f,rayonna,14,27,41
f,zamari,14,27,41
f,ren,13,28,41
f,arika,12,29,41
f,ave,12,29,41
f,lira,11,30,41
m,balian,28,13,41
m,jostin,28,13,41
m,kaylon,27,14,41
m,khali,27,14,41
m,avner,26,15,41
m,menno,26,15,41
m,shad,26,15,41
m,kol,25,16,41
m,shneur,25,16,41
m,jurgen,24,17,41
m,nataniel,24,17,41
m,nolin,24,17,41
m,yanuel,24,17,41
m,ayham,23,18,41
m,jacobie,23,18,41
m,laiden,23,18,41
m,lliam,23,18,41
m,mycah,23,18,41
m,codi,22,19,41
m,dason,22,19,41
m,graden,22,19,41
m,han,22,19,41
m,jacksen,22,19,41
m,juandiego,22,19,41
m,kashtyn,22,19,41
m,kasin,22,19,41
m,navin,22,19,41
m,noach,22,19,41
m,rune,22,19,41
m,strider,22,19,41
m,alim,21,20,41
m,camarion,21,20,41
m,creedence,21,20,41
m,dillinger,21,20,41
m,kennon,21,20,41
m,pharoah,21,20,41
m,tyberius,21,20,41
m,falcon,20,21,41
m,hersh,20,21,41
m,jaydee,20,21,41
m,kaysin,20,21,41
m,larenzo,20,21,41
m,nils,20,21,41
m,saifan,20,21,41
m,vedanth,20,21,41
m,yonah,20,21,41
m,akari,19,22,41
m,amogh,19,22,41
m,brodey,19,22,41
m,daelan,19,22,41
m,jamaree,19,22,41
m,kendry,19,22,41
m,kento,19,22,41
m,layken,19,22,41
m,leam,19,22,41
m,linkon,19,22,41
m,marlow,19,22,41
m,marvens,19,22,41
m,michal,19,22,41
m,shamari,19,22,41
m,tuck,19,22,41
m,athanasios,18,23,41
m,carlyle,18,23,41
m,griffyn,18,23,41
m,jian,18,23,41
m,malakhai,18,23,41
m,rhylee,18,23,41
m,zacari,18,23,41
m,avrum,17,24,41
m,jens,17,24,41
m,miloh,17,24,41
m,cayne,16,25,41
m,gaetano,16,25,41
m,kodiak,16,25,41
m,mikaeel,16,25,41
m,sadiq,16,25,41
m,zayaan,16,25,41
m,zeb,16,25,41
m,zlatan,16,25,41
m,chesky,15,26,41
m,wylee,15,26,41
m,bohdan,14,27,41
m,nnamdi,14,27,41
m,colm,13,28,41
m,ronnell,12,29,41
f,maegan,28,12,40
f,rynn,27,13,40
f,ariyanah,25,15,40
f,aylinn,25,15,40
f,cheyann,25,15,40
f,kloee,25,15,40
f,kynadee,25,15,40
f,lisandra,25,15,40
f,sigrid,25,15,40
f,adaeze,24,16,40
f,adel,24,16,40
f,cody,24,16,40
f,cylie,24,16,40
f,demya,24,16,40
f,elie,24,16,40
f,emmalia,24,16,40
f,jaleigha,24,16,40
f,kris,24,16,40
f,lyncoln,24,16,40
f,lynnix,24,16,40
f,meghna,24,16,40
f,navayah,24,16,40
f,nelia,24,16,40
f,tristin,24,16,40
f,vivia,24,16,40
f,ainslie,23,17,40
f,amorette,23,17,40
f,ceanna,23,17,40
f,elisabet,23,17,40
f,haylei,23,17,40
f,iya,23,17,40
f,jeylin,23,17,40
f,michela,23,17,40
f,sameeha,23,17,40
f,aime,22,18,40
f,alexander,22,18,40
f,arria,22,18,40
f,brinn,22,18,40
f,daviana,22,18,40
f,idaly,22,18,40
f,kadiatou,22,18,40
f,maleeya,22,18,40
f,mikala,22,18,40
f,shaniah,22,18,40
f,briannah,21,19,40
f,ciel,21,19,40
f,cristiana,21,19,40
f,cristy,21,19,40
f,emrys,21,19,40
f,isolde,21,19,40
f,jasia,21,19,40
f,kynli,21,19,40
f,liam,21,19,40
f,loveah,21,19,40
f,mckenleigh,21,19,40
f,nahia,21,19,40
f,neda,21,19,40
f,niharika,21,19,40
f,shaya,21,19,40
f,yocelin,21,19,40
f,zayana,21,19,40
f,adair,20,20,40
f,alaila,20,20,40
f,aryannah,20,20,40
f,aviella,20,20,40
f,emillia,20,20,40
f,fatimata,20,20,40
f,fawn,20,20,40
f,haizlee,20,20,40
f,jood,20,20,40
f,keyara,20,20,40
f,rayn,20,20,40
f,sehaj,20,20,40
f,zamiah,20,20,40
f,zoella,20,20,40
f,abbygale,19,21,40
f,alaine,19,21,40
f,araina,19,21,40
f,jamirah,19,21,40
f,lamaya,19,21,40
f,landrey,19,21,40
f,mahlia,19,21,40
f,maizee,19,21,40
f,malasia,19,21,40
f,maybelline,19,21,40
f,olivianna,19,21,40
f,raneem,19,21,40
f,shloka,19,21,40
f,addalee,18,22,40
f,breleigh,18,22,40
f,caylen,18,22,40
f,daniah,18,22,40
f,daniel,18,22,40
f,heavyn,18,22,40
f,koryn,18,22,40
f,maddi,18,22,40
f,mccall,18,22,40
f,nautica,18,22,40
f,navaya,18,22,40
f,raedyn,18,22,40
f,raghad,18,22,40
f,schuyler,18,22,40
f,weslie,18,22,40
f,zanyla,18,22,40
f,adaia,17,23,40
f,alaisha,17,23,40
f,idy,17,23,40
f,kennia,17,23,40
f,sonali,17,23,40
f,brogan,16,24,40
f,codie,16,24,40
f,coraleigh,16,24,40
f,risa,16,24,40
f,sayge,16,24,40
f,yari,16,24,40
f,zaylin,16,24,40
f,abi,15,25,40
f,kinza,15,25,40
f,lianne,15,25,40
f,yashika,15,25,40
f,aitanna,14,26,40
f,zanylah,14,26,40
f,fajr,13,27,40
m,arien,28,12,40
m,brodrick,27,13,40
m,jasean,27,13,40
m,maliq,27,13,40
m,taytum,27,13,40
m,silvano,26,14,40
m,clancy,25,15,40
m,collyn,25,15,40
m,emett,25,15,40
m,hanley,25,15,40
m,jeron,25,15,40
m,yaziel,25,15,40
m,taurean,24,16,40
m,tyrel,24,16,40
m,asiah,23,17,40
m,cato,23,17,40
m,karan,23,17,40
m,zephan,23,17,40
m,aadam,22,18,40
m,bao,22,18,40
m,benjiman,22,18,40
m,chukwuemeka,22,18,40
m,jaydeen,22,18,40
m,jezreel,22,18,40
m,jyaire,22,18,40
m,kadarius,22,18,40
m,nero,22,18,40
m,paxten,22,18,40
m,sion,22,18,40
m,amaar,21,19,40
m,brandan,21,19,40
m,crixus,21,19,40
m,fergus,21,19,40
m,habib,21,19,40
m,jahmere,21,19,40
m,jarius,21,19,40
m,legion,21,19,40
m,leyland,21,19,40
m,mahkai,21,19,40
m,olamide,21,19,40
m,tylar,21,19,40
m,winslow,21,19,40
m,adonay,20,20,40
m,blakely,20,20,40
m,broly,20,20,40
m,donovin,20,20,40
m,ericson,20,20,40
m,lavern,20,20,40
m,rohaan,20,20,40
m,russel,20,20,40
m,zeek,20,20,40
m,calloway,19,21,40
m,delonte,19,21,40
m,heru,19,21,40
m,itai,19,21,40
m,jaymar,19,21,40
m,kristoffer,19,21,40
m,lynkin,19,21,40
m,ojas,19,21,40
m,ostin,19,21,40
m,parrish,19,21,40
m,theoden,19,21,40
m,tracen,19,21,40
m,zaydrian,19,21,40
m,jaevion,18,22,40
m,kolston,18,22,40
m,makel,18,22,40
m,panagiotis,18,22,40
m,savon,18,22,40
m,trentyn,18,22,40
m,woodson,18,22,40
m,javi,17,23,40
m,kaladin,17,23,40
m,myers,17,23,40
m,suhayb,17,23,40
m,emmerich,16,24,40
m,hilton,16,24,40
m,rehaan,16,24,40
m,sajid,16,24,40
m,sayed,16,24,40
m,adrain,15,25,40
m,avant,15,25,40
m,corinthian,15,25,40
m,halo,15,25,40
m,jassiah,15,25,40
m,dael,14,26,40
m,natnael,14,26,40
m,dolan,13,27,40
m,kingslee,13,27,40
m,wolfe,10,30,40
m,chosen,9,31,40
f,shanty,28,11,39
f,aubreyanna,26,13,39
f,giabella,26,13,39
f,lorali,26,13,39
f,courtlynn,25,14,39
f,miyanna,25,14,39
f,sumaiya,25,14,39
f,emoree,24,15,39
f,jayliah,24,15,39
f,jerzie,24,15,39
f,mackinley,24,15,39
f,mckenzee,24,15,39
f,nakiya,24,15,39
f,nikayla,24,15,39
f,tressa,24,15,39
f,alonah,23,16,39
f,amariya,23,16,39
f,ashby,23,16,39
f,hartlyn,23,16,39
f,karmella,23,16,39
f,katheryne,23,16,39
f,kynedi,23,16,39
f,maeley,23,16,39
f,angelise,22,17,39
f,avital,22,17,39
f,hinley,22,17,39
f,jeilyn,22,17,39
f,kaelee,22,17,39
f,kattleya,22,17,39
f,morgyn,22,17,39
f,myriah,22,17,39
f,sheily,22,17,39
f,zoila,22,17,39
f,britanny,21,18,39
f,danylah,21,18,39
f,dasani,21,18,39
f,denym,21,18,39
f,frimet,21,18,39
f,joselyne,21,18,39
f,matty,21,18,39
f,milayah,21,18,39
f,stevi,21,18,39
f,zarianna,21,18,39
f,amare,20,19,39
f,ariyonna,20,19,39
f,beaux,20,19,39
f,dessa,20,19,39
f,everlynn,20,19,39
f,gracia,20,19,39
f,heydi,20,19,39
f,jaslin,20,19,39
f,jenica,20,19,39
f,kamirah,20,19,39
f,kindle,20,19,39
f,lelah,20,19,39
f,lorenza,20,19,39
f,maely,20,19,39
f,malayla,20,19,39
f,marymargaret,20,19,39
f,meg,20,19,39
f,sarena,20,19,39
f,alorah,19,20,39
f,amzie,19,20,39
f,andriana,19,20,39
f,aurelie,19,20,39
f,avantika,19,20,39
f,brocha,19,20,39
f,callyn,19,20,39
f,fionna,19,20,39
f,jaynie,19,20,39
f,laityn,19,20,39
f,langston,19,20,39
f,livian,19,20,39
f,lucciana,19,20,39
f,lyah,19,20,39
f,marci,19,20,39
f,rene,19,20,39
f,keller,18,21,39
f,marionna,18,21,39
f,marya,18,21,39
f,naudia,18,21,39
f,sammy,18,21,39
f,belladonna,17,22,39
f,darielle,17,22,39
f,dayton,17,22,39
f,erykah,17,22,39
f,harlei,17,22,39
f,kory,17,22,39
f,malaiya,17,22,39
f,monzerrat,17,22,39
f,vilma,17,22,39
f,eleny,16,23,39
f,kadija,16,23,39
f,lamees,16,23,39
f,truth,16,23,39
f,wrenley,16,23,39
f,zulay,16,23,39
f,evelia,15,24,39
f,shanya,15,24,39
f,athziri,14,25,39
f,brexley,14,25,39
f,callaway,14,25,39
f,camilah,14,25,39
f,kamelia,14,25,39
f,kelsee,14,25,39
f,sereen,14,25,39
f,tigerlily,14,25,39
f,ilyanna,13,26,39
f,iylah,13,26,39
f,milo,13,26,39
f,mirian,13,26,39
f,rei,13,26,39
f,rhemi,13,26,39
f,wrenn,13,26,39
f,germany,12,27,39
f,kamrie,12,27,39
f,aleksa,10,29,39
f,solene,8,31,39
m,reyli,29,10,39
m,trevyn,27,12,39
m,adonias,26,13,39
m,qusai,26,13,39
m,hurley,25,14,39
m,edwardo,24,15,39
m,huston,24,15,39
m,javonni,24,15,39
m,katai,24,15,39
m,kawika,24,15,39
m,cris,23,16,39
m,jahkai,23,16,39
m,wyett,23,16,39
m,averi,22,17,39
m,jamerson,22,17,39
m,lavonte,22,17,39
m,marino,22,17,39
m,mykell,22,17,39
m,stefen,22,17,39
m,aaryav,21,18,39
m,aidden,21,18,39
m,braxston,21,18,39
m,carder,21,18,39
m,dalyn,21,18,39
m,jaaziel,21,18,39
m,kayce,21,18,39
m,lukasz,21,18,39
m,malakye,21,18,39
m,prosper,21,18,39
m,trinity,21,18,39
m,aeron,20,19,39
m,anuj,20,19,39
m,josmar,20,19,39
m,kona,20,19,39
m,lord,20,19,39
m,naman,20,19,39
m,romen,20,19,39
m,thelonious,20,19,39
m,zadkiel,20,19,39
m,amarian,19,20,39
m,eliyas,19,20,39
m,kaylan,19,20,39
m,kyre,19,20,39
m,oluwatobi,19,20,39
m,rashaud,19,20,39
m,roper,19,20,39
m,wheeler,19,20,39
m,zyier,19,20,39
m,arun,18,21,39
m,charlee,18,21,39
m,gurfateh,18,21,39
m,hawken,18,21,39
m,iam,18,21,39
m,jiovanny,18,21,39
m,kamsiyochukwu,18,21,39
m,kien,18,21,39
m,niels,18,21,39
m,ole,18,21,39
m,oluwademilade,18,21,39
m,pasquale,18,21,39
m,rand,18,21,39
m,sorin,18,21,39
m,uzziel,18,21,39
m,cannan,17,22,39
m,isayah,17,22,39
m,jakori,17,22,39
m,joelle,17,22,39
m,kenley,17,22,39
m,merek,17,22,39
m,phoenyx,17,22,39
m,redmond,17,22,39
m,tyrek,17,22,39
m,zaven,17,22,39
m,ciel,16,23,39
m,eeshan,16,23,39
m,eldin,16,23,39
m,gennaro,16,23,39
m,jaecion,16,23,39
m,kortez,16,23,39
m,cuyler,15,24,39
m,maximillion,15,24,39
m,rorik,15,24,39
m,syaire,15,24,39
m,yohannes,15,24,39
m,zahmir,14,25,39
m,miracle,13,26,39
m,kylian,12,27,39
m,jossiah,11,28,39
m,severus,7,32,39
f,yazleemar,31,7,38
f,janasia,29,9,38
f,maesyn,26,12,38
f,alissandra,25,13,38
f,darcie,25,13,38
f,nevaya,25,13,38
f,arshiya,24,14,38
f,caralyn,24,14,38
f,darian,24,14,38
f,jocelynne,24,14,38
f,karlei,24,14,38
f,makenley,24,14,38
f,zarya,24,14,38
f,andreya,23,15,38
f,ashland,23,15,38
f,brylin,23,15,38
f,corbyn,23,15,38
f,jurni,23,15,38
f,kaybree,23,15,38
f,simra,23,15,38
f,abrie,22,16,38
f,cataleyah,22,16,38
f,danilynn,22,16,38
f,izabellah,22,16,38
f,jaylianna,22,16,38
f,malayshia,22,16,38
f,nalaya,22,16,38
f,yoana,22,16,38
f,arcadia,21,17,38
f,caden,21,17,38
f,dyllan,21,17,38
f,ellanore,21,17,38
f,kensli,21,17,38
f,khamari,21,17,38
f,kimbella,21,17,38
f,londen,21,17,38
f,madai,21,17,38
f,mayumi,21,17,38
f,michayla,21,17,38
f,mylani,21,17,38
f,nuria,21,17,38
f,roseanna,21,17,38
f,samone,21,17,38
f,yanelis,21,17,38
f,brayley,20,18,38
f,ishana,20,18,38
f,kashlynn,20,18,38
f,katherina,20,18,38
f,kenzee,20,18,38
f,leeba,20,18,38
f,logyn,20,18,38
f,oliver,20,18,38
f,shantal,20,18,38
f,shilo,20,18,38
f,sneha,20,18,38
f,swayzee,20,18,38
f,tarah,20,18,38
f,ailene,19,19,38
f,amirrah,19,19,38
f,arisa,19,19,38
f,aryel,19,19,38
f,azalee,19,19,38
f,brielynn,19,19,38
f,charlei,19,19,38
f,elnora,19,19,38
f,emmajean,19,19,38
f,england,19,19,38
f,evi,19,19,38
f,isabeau,19,19,38
f,julieann,19,19,38
f,kalyssa,19,19,38
f,korey,19,19,38
f,lashay,19,19,38
f,leyton,19,19,38
f,peace,19,19,38
f,remmie,19,19,38
f,rhylan,19,19,38
f,vedika,19,19,38
f,ahria,18,20,38
f,esmay,18,20,38
f,jazzmyn,18,20,38
f,jody,18,20,38
f,laycie,18,20,38
f,mckinsey,18,20,38
f,penina,18,20,38
f,sahra,18,20,38
f,zuriah,18,20,38
f,addylin,17,21,38
f,amarra,17,21,38
f,astraea,17,21,38
f,jersie,17,21,38
f,kemari,17,21,38
f,koda,17,21,38
f,nydia,17,21,38
f,racheal,17,21,38
f,reygan,17,21,38
f,roseline,17,21,38
f,suzannah,17,21,38
f,talulah,17,21,38
f,tayleigh,17,21,38
f,anaia,16,22,38
f,basil,16,22,38
f,caiden,16,22,38
f,jaileen,16,22,38
f,jelani,16,22,38
f,naylea,16,22,38
f,skyelynn,16,22,38
f,brecklynn,15,23,38
f,celene,15,23,38
f,chrystal,15,23,38
f,harvest,15,23,38
f,hira,15,23,38
f,ioanna,15,23,38
f,maila,15,23,38
f,minnah,15,23,38
f,rea,15,23,38
f,sloka,15,23,38
f,batool,14,24,38
f,esra,14,24,38
f,malaiyah,14,24,38
f,safina,14,24,38
f,vaughn,14,24,38
f,abisai,13,25,38
m,cheston,27,11,38
m,darek,27,11,38
m,rayquan,27,11,38
m,diezel,26,12,38
m,glendon,26,12,38
m,shloma,26,12,38
m,edy,25,13,38
m,tanish,25,13,38
m,mykal,23,15,38
m,tysean,23,15,38
m,dawood,22,16,38
m,ganon,22,16,38
m,jaydenn,22,16,38
m,sahaj,22,16,38
m,zalman,22,16,38
m,akshar,21,17,38
m,axtyn,21,17,38
m,christoph,21,17,38
m,eryk,21,17,38
m,fin,21,17,38
m,kevion,21,17,38
m,marlee,21,17,38
m,nashton,21,17,38
m,norris,21,17,38
m,aarya,20,18,38
m,adithya,20,18,38
m,amiel,20,18,38
m,arush,20,18,38
m,auguste,20,18,38
m,eber,20,18,38
m,eron,20,18,38
m,jahi,20,18,38
m,keyler,20,18,38
m,kyair,20,18,38
m,lizandro,20,18,38
m,mert,20,18,38
m,nuh,20,18,38
m,zaryan,20,18,38
m,zaylan,20,18,38
m,cashius,19,19,38
m,cassian,19,19,38
m,chasin,19,19,38
m,hendricks,19,19,38
m,javaris,19,19,38
m,joaquim,19,19,38
m,lexton,19,19,38
m,naseem,19,19,38
m,rowland,19,19,38
m,viraat,19,19,38
m,awab,18,20,38
m,coty,18,20,38
m,dayan,18,20,38
m,demauri,18,20,38
m,ediel,18,20,38
m,elia,18,20,38
m,faustino,18,20,38
m,gabriele,18,20,38
m,georgio,18,20,38
m,kaelen,18,20,38
m,kahari,18,20,38
m,keean,18,20,38
m,khairi,18,20,38
m,shiven,18,20,38
m,aakash,17,21,38
m,belal,17,21,38
m,brahm,17,21,38
m,diago,17,21,38
m,ember,17,21,38
m,future,17,21,38
m,gautam,17,21,38
m,kaston,17,21,38
m,khyri,17,21,38
m,ryaan,17,21,38
m,sully,17,21,38
m,tashawn,17,21,38
m,tavares,17,21,38
m,treston,17,21,38
m,adrik,16,22,38
m,andrez,16,22,38
m,brazos,16,22,38
m,elihu,16,22,38
m,kastiel,16,22,38
m,kymari,16,22,38
m,mehtab,16,22,38
m,samari,16,22,38
m,rylon,15,23,38
m,malachy,14,24,38
m,maven,14,24,38
m,benjamen,13,25,38
m,whittaker,13,25,38
f,jenicka,26,11,37
f,odalis,26,11,37
f,surah,26,11,37
f,erma,25,12,37
f,misa,25,12,37
f,ayrabella,24,13,37
f,hasini,24,13,37
f,jazell,24,13,37
f,jozlynn,24,13,37
f,katiana,24,13,37
f,kennidy,24,13,37
f,nirvi,24,13,37
f,aalyah,23,14,37
f,adreanna,23,14,37
f,anabela,23,14,37
f,aryianna,23,14,37
f,camri,23,14,37
f,elleanna,23,14,37
f,lelani,23,14,37
f,lielle,23,14,37
f,shirin,23,14,37
f,arieana,22,15,37
f,hazelgrace,22,15,37
f,jorden,22,15,37
f,julyssa,22,15,37
f,madalena,22,15,37
f,milanie,22,15,37
f,navia,22,15,37
f,safari,22,15,37
f,spring,22,15,37
f,zuly,22,15,37
f,ahmiyah,21,16,37
f,akila,21,16,37
f,bellamarie,21,16,37
f,camile,21,16,37
f,cathleen,21,16,37
f,dailynn,21,16,37
f,daleyssa,21,16,37
f,ivelisse,21,16,37
f,kyndle,21,16,37
f,majesti,21,16,37
f,mekenzie,21,16,37
f,naziyah,21,16,37
f,nicol,21,16,37
f,norie,21,16,37
f,rayyan,21,16,37
f,allure,20,17,37
f,bryley,20,17,37
f,daphnie,20,17,37
f,delaina,20,17,37
f,jalina,20,17,37
f,jaliya,20,17,37
f,josi,20,17,37
f,joss,20,17,37
f,jovana,20,17,37
f,karliah,20,17,37
f,mikeyla,20,17,37
f,moksha,20,17,37
f,shelbi,20,17,37
f,yakira,20,17,37
f,zanyiah,20,17,37
f,anahita,19,18,37
f,anely,19,18,37
f,harmoney,19,18,37
f,holiday,19,18,37
f,muntaha,19,18,37
f,oluwatamilore,19,18,37
f,paizleigh,19,18,37
f,pihu,19,18,37
f,reghan,19,18,37
f,rumaysa,19,18,37
f,sadi,19,18,37
f,teryn,19,18,37
f,yarielis,19,18,37
f,aeliana,18,19,37
f,akirah,18,19,37
f,alizon,18,19,37
f,anzal,18,19,37
f,ayaat,18,19,37
f,chioma,18,19,37
f,graceann,18,19,37
f,kashvi,18,19,37
f,kemoni,18,19,37
f,koi,18,19,37
f,leeya,18,19,37
f,milaya,18,19,37
f,solomia,18,19,37
f,dove,17,20,37
f,frady,17,20,37
f,harnoor,17,20,37
f,ikhlas,17,20,37
f,ilani,17,20,37
f,kariyah,17,20,37
f,lynnea,17,20,37
f,mahealani,17,20,37
f,page,17,20,37
f,sayra,17,20,37
f,suzy,17,20,37
f,sylvi,17,20,37
f,vella,17,20,37
f,aayat,16,21,37
f,adessa,16,21,37
f,andersen,16,21,37
f,avnoor,16,21,37
f,graycee,16,21,37
f,hailynn,16,21,37
f,heavenleigh,16,21,37
f,jamiracle,16,21,37
f,klaudia,16,21,37
f,sable,16,21,37
f,alanys,15,22,37
f,jamisyn,15,22,37
f,kierstin,15,22,37
f,loraine,15,22,37
f,lorene,15,22,37
f,qamar,15,22,37
f,roselin,15,22,37
f,ryliegh,15,22,37
f,tasha,15,22,37
f,zyah,15,22,37
f,alianah,14,23,37
f,farren,14,23,37
f,hargun,14,23,37
f,marilu,14,23,37
f,sabreen,14,23,37
f,tzivia,14,23,37
f,airiana,13,24,37
f,keerthana,13,24,37
f,ethel,12,25,37
f,mariaelena,12,25,37
m,kaylor,26,11,37
m,rooney,26,11,37
m,yonael,25,12,37
m,broxton,24,13,37
m,juanmanuel,24,13,37
m,tayten,24,13,37
m,ryot,23,14,37
m,samad,23,14,37
m,edmundo,22,15,37
m,georgios,22,15,37
m,hartley,22,15,37
m,jhonatan,22,15,37
m,kaesen,22,15,37
m,keonte,22,15,37
m,nicklas,22,15,37
m,rupert,22,15,37
m,sota,22,15,37
m,argenis,21,16,37
m,aria,21,16,37
m,jerel,21,16,37
m,majid,21,16,37
m,stavros,21,16,37
m,thierry,21,16,37
m,anik,20,17,37
m,art,20,17,37
m,gabrial,20,17,37
m,giles,20,17,37
m,kemuel,20,17,37
m,mizael,20,17,37
m,oluwadarasimi,20,17,37
m,pranay,20,17,37
m,pratham,20,17,37
m,torren,20,17,37
m,xadrian,20,17,37
m,daymon,19,18,37
m,jonte,19,18,37
m,kalman,19,18,37
m,rui,19,18,37
m,tymere,19,18,37
m,abdurahman,18,19,37
m,chantz,18,19,37
m,cobi,18,19,37
m,danniel,18,19,37
m,dawsen,18,19,37
m,emad,18,19,37
m,hayze,18,19,37
m,hunner,18,19,37
m,jahki,18,19,37
m,karol,18,19,37
m,layson,18,19,37
m,luken,18,19,37
m,miron,18,19,37
m,nuri,18,19,37
m,orlin,18,19,37
m,rutledge,18,19,37
m,townsend,18,19,37
m,trigger,18,19,37
m,wil,18,19,37
m,zebulun,18,19,37
m,blayke,17,20,37
m,dawit,17,20,37
m,daxtin,17,20,37
m,manu,17,20,37
m,marvel,17,20,37
m,muaz,17,20,37
m,alp,16,21,37
m,bayler,16,21,37
m,delton,16,21,37
m,malick,16,21,37
m,ramel,16,21,37
m,syon,16,21,37
m,gaius,15,22,37
m,huzaifa,15,22,37
m,jacquees,15,22,37
m,kamir,15,22,37
m,mills,15,22,37
m,wesam,15,22,37
m,delon,14,23,37
m,finnlee,14,23,37
m,halston,14,23,37
m,massimiliano,14,23,37
m,sheppard,14,23,37
m,cainen,13,24,37
m,thien,13,24,37
m,yahshua,13,24,37
m,deckard,9,28,37
m,kyion,9,28,37
f,shilah,26,10,36
f,jerzey,25,11,36
f,aleesa,24,12,36
f,catalia,24,12,36
f,jalea,24,12,36
f,jaynee,24,12,36
f,milany,23,13,36
f,payge,23,13,36
f,shylee,23,13,36
f,addalynne,22,14,36
f,ala,22,14,36
f,alabama,22,14,36
f,anelise,22,14,36
f,angelee,22,14,36
f,avana,22,14,36
f,benita,22,14,36
f,emmily,22,14,36
f,jacob,22,14,36
f,jennyfer,22,14,36
f,kadance,22,14,36
f,kelci,22,14,36
f,kollyns,22,14,36
f,micha,22,14,36
f,montgomery,22,14,36
f,munachimso,22,14,36
f,natilee,22,14,36
f,nayelis,22,14,36
f,rozalynn,22,14,36
f,sanvika,22,14,36
f,yaritzi,22,14,36
f,anica,21,15,36
f,british,21,15,36
f,graclyn,21,15,36
f,jonnie,21,15,36
f,liat,21,15,36
f,mayli,21,15,36
f,sofija,21,15,36
f,zaleah,21,15,36
f,adithi,20,16,36
f,alydia,20,16,36
f,angelin,20,16,36
f,anneke,20,16,36
f,blue,20,16,36
f,galia,20,16,36
f,keera,20,16,36
f,marilee,20,16,36
f,mattilynn,20,16,36
f,nafisa,20,16,36
f,rome,20,16,36
f,rosey,20,16,36
f,zuzu,20,16,36
f,abigaile,19,17,36
f,alisandra,19,17,36
f,angelisa,19,17,36
f,jessabelle,19,17,36
f,manaia,19,17,36
f,paitynn,19,17,36
f,paytyn,19,17,36
f,rielynn,19,17,36
f,tylie,19,17,36
f,aibhlinn,18,18,36
f,anaise,18,18,36
f,analeigha,18,18,36
f,chayse,18,18,36
f,destinie,18,18,36
f,kariah,18,18,36
f,katerin,18,18,36
f,krysta,18,18,36
f,kyley,18,18,36
f,maddux,18,18,36
f,taitum,18,18,36
f,yemaya,18,18,36
f,aspynn,17,19,36
f,breslyn,17,19,36
f,brieanna,17,19,36
f,gabrianna,17,19,36
f,kasie,17,19,36
f,lovie,17,19,36
f,ola,17,19,36
f,radhika,17,19,36
f,zosia,17,19,36
f,amberley,16,20,36
f,atalie,16,20,36
f,dilara,16,20,36
f,elona,16,20,36
f,joli,16,20,36
f,luanna,16,20,36
f,lydiah,16,20,36
f,malyah,16,20,36
f,netanya,16,20,36
f,orli,16,20,36
f,reighlyn,16,20,36
f,yeilin,16,20,36
f,aden,15,21,36
f,ahsha,15,21,36
f,anorah,15,21,36
f,anshika,15,21,36
f,azrielle,15,21,36
f,davi,15,21,36
f,declynn,15,21,36
f,jema,15,21,36
f,kayleah,15,21,36
f,kia,15,21,36
f,lyrical,15,21,36
f,marielena,15,21,36
f,nakia,15,21,36
f,pacey,15,21,36
f,rosmery,15,21,36
f,zain,15,21,36
f,adalay,14,22,36
f,honour,14,22,36
f,jaye,14,22,36
f,reba,14,22,36
f,ronan,14,22,36
f,sami,14,22,36
f,shahad,14,22,36
f,addi,13,23,36
f,elayah,13,23,36
f,rayleen,13,23,36
f,adalida,12,24,36
f,athina,12,24,36
f,lennan,12,24,36
f,turner,12,24,36
f,kristell,11,25,36
f,leydi,11,25,36
f,kealani,10,26,36
f,camya,9,27,36
f,ilhan,6,30,36
m,severin,26,10,36
m,cordae,23,13,36
m,vash,23,13,36
m,shade,22,14,36
m,dereon,21,15,36
m,jeanpaul,21,15,36
m,kowen,21,15,36
m,kushal,21,15,36
m,philippe,21,15,36
m,samaj,21,15,36
m,ariston,20,16,36
m,azion,20,16,36
m,caydence,20,16,36
m,davinci,20,16,36
m,hanad,20,16,36
m,micky,20,16,36
m,rolland,20,16,36
m,tigran,20,16,36
m,al,19,17,36
m,aleck,19,17,36
m,anmol,19,17,36
m,bartholomew,19,17,36
m,damonie,19,17,36
m,durrell,19,17,36
m,grover,19,17,36
m,jaaziah,19,17,36
m,kailash,19,17,36
m,myking,19,17,36
m,mynor,19,17,36
m,rayon,19,17,36
m,rosario,19,17,36
m,vibhav,19,17,36
m,brycin,18,18,36
m,godwin,18,18,36
m,hewitt,18,18,36
m,jacobe,18,18,36
m,jacquez,18,18,36
m,jaking,18,18,36
m,kashawn,18,18,36
m,khaden,18,18,36
m,khalifa,18,18,36
m,klyde,18,18,36
m,nevaan,18,18,36
m,orian,18,18,36
m,ruhaan,18,18,36
m,abdel,17,19,36
m,amilcar,17,19,36
m,anh,17,19,36
m,carlson,17,19,36
m,cliff,17,19,36
m,ghassan,17,19,36
m,hercules,17,19,36
m,jafar,17,19,36
m,levii,17,19,36
m,loyalty,17,19,36
m,trayce,17,19,36
m,vaibhav,17,19,36
m,abdifatah,16,20,36
m,abrian,16,20,36
m,alakai,16,20,36
m,dreshawn,16,20,36
m,jerell,16,20,36
m,jobe,16,20,36
m,kenrick,16,20,36
m,nas,16,20,36
m,oisin,16,20,36
m,pacey,16,20,36
m,reis,16,20,36
m,shravan,16,20,36
m,thaddaeus,16,20,36
m,tyre,16,20,36
m,yoshua,16,20,36
m,aasim,15,21,36
m,alyan,15,21,36
m,azzam,15,21,36
m,elbert,15,21,36
m,ezariah,15,21,36
m,jaivon,15,21,36
m,kolden,15,21,36
m,naji,15,21,36
m,angello,14,22,36
m,everitt,14,22,36
m,jager,14,22,36
m,saathvik,14,22,36
m,saulo,14,22,36
m,slayton,14,22,36
m,adonnis,13,23,36
m,eydan,13,23,36
m,sahas,13,23,36
m,trayvion,13,23,36
m,dasean,12,24,36
m,muhammadali,12,24,36
m,zohan,10,26,36
m,shan,9,27,36
f,lesli,25,10,35
f,makensie,25,10,35
f,bethlehem,24,11,35
f,jaxie,24,11,35
f,jaydee,24,11,35
f,reniyah,24,11,35
f,arohi,23,12,35
f,iveth,23,12,35
f,sharanya,23,12,35
f,aaralynn,22,13,35
f,adaliz,22,13,35
f,audry,22,13,35
f,cayley,22,13,35
f,ellana,22,13,35
f,emanuela,22,13,35
f,emrey,22,13,35
f,kaden,22,13,35
f,kathlyn,22,13,35
f,katlynn,22,13,35
f,koralyn,22,13,35
f,laelynn,22,13,35
f,olena,22,13,35
f,aleiya,21,14,35
f,annaleise,21,14,35
f,arella,21,14,35
f,hadli,21,14,35
f,heer,21,14,35
f,nyleah,21,14,35
f,sophiagrace,21,14,35
f,tayana,21,14,35
f,torrie,21,14,35
f,alayjah,20,15,35
f,alima,20,15,35
f,avalynne,20,15,35
f,bina,20,15,35
f,camillia,20,15,35
f,destin,20,15,35
f,dionne,20,15,35
f,enid,20,15,35
f,gracynn,20,15,35
f,kally,20,15,35
f,linsey,20,15,35
f,marcie,20,15,35
f,merrick,20,15,35
f,miasia,20,15,35
f,sebastian,20,15,35
f,aditri,19,16,35
f,ariabella,19,16,35
f,honora,19,16,35
f,jonae,19,16,35
f,kamil,19,16,35
f,kasyn,19,16,35
f,klaira,19,16,35
f,kyrielle,19,16,35
f,nichelle,19,16,35
f,sabrin,19,16,35
f,sanah,19,16,35
f,sarita,19,16,35
f,sham,19,16,35
f,starlynn,19,16,35
f,yaquelin,19,16,35
f,ahava,18,17,35
f,alis,18,17,35
f,alyona,18,17,35
f,bluma,18,17,35
f,brelyn,18,17,35
f,brylei,18,17,35
f,daisey,18,17,35
f,dareen,18,17,35
f,delayla,18,17,35
f,elan,18,17,35
f,eleonore,18,17,35
f,emeree,18,17,35
f,enaya,18,17,35
f,greysen,18,17,35
f,harlo,18,17,35
f,isaiah,18,17,35
f,jaaliyah,18,17,35
f,jerzi,18,17,35
f,khiara,18,17,35
f,kiani,18,17,35
f,meerab,18,17,35
f,perrin,18,17,35
f,ryelle,18,17,35
f,savi,18,17,35
f,shevy,18,17,35
f,alethia,17,18,35
f,annalina,17,18,35
f,carlene,17,18,35
f,endia,17,18,35
f,farryn,17,18,35
f,jaretzi,17,18,35
f,joshua,17,18,35
f,kattaleya,17,18,35
f,kaziah,17,18,35
f,leyana,17,18,35
f,liel,17,18,35
f,maheen,17,18,35
f,makinsley,17,18,35
f,malayiah,17,18,35
f,mihira,17,18,35
f,nayleen,17,18,35
f,serra,17,18,35
f,talea,17,18,35
f,tatyanna,17,18,35
f,vasiliki,17,18,35
f,analeia,16,19,35
f,astoria,16,19,35
f,cammie,16,19,35
f,eyla,16,19,35
f,faelyn,16,19,35
f,iza,16,19,35
f,kylinn,16,19,35
f,leyanna,16,19,35
f,mysha,16,19,35
f,sonam,16,19,35
f,zaia,16,19,35
f,almira,15,20,35
f,brayden,15,20,35
f,brielyn,15,20,35
f,bryna,15,20,35
f,davida,15,20,35
f,gail,15,20,35
f,hayzlee,15,20,35
f,kaizlee,15,20,35
f,keirah,15,20,35
f,kimiko,15,20,35
f,laekyn,15,20,35
f,maisley,15,20,35
f,manahil,15,20,35
f,noya,15,20,35
f,sophiya,15,20,35
f,arietta,14,21,35
f,avaleen,14,21,35
f,jourdan,14,21,35
f,kanyla,14,21,35
f,kaylor,14,21,35
f,larisa,14,21,35
f,masha,14,21,35
f,meyer,14,21,35
f,nairobi,14,21,35
f,nani,14,21,35
f,nimrat,14,21,35
f,oluwanifemi,14,21,35
f,tobin,14,21,35
f,zeniah,14,21,35
f,brazil,13,22,35
f,damiana,13,22,35
f,macklyn,13,22,35
f,teagyn,13,22,35
f,ulani,13,22,35
f,wesleigh,13,22,35
f,yumna,13,22,35
f,aleysha,12,23,35
f,hiyab,12,23,35
f,inari,12,23,35
f,kathya,12,23,35
f,asuna,11,24,35
f,celestia,11,24,35
f,zailyn,11,24,35
f,alysse,9,26,35
f,annaclaire,9,26,35
m,presten,25,10,35
m,domanic,23,12,35
m,leone,23,12,35
m,piero,23,12,35
m,yonis,23,12,35
m,connell,22,13,35
m,gehrig,22,13,35
m,juanjose,22,13,35
m,justen,22,13,35
m,nour,22,13,35
m,zarion,22,13,35
m,avory,21,14,35
m,brion,21,14,35
m,jeanpierre,21,14,35
m,misha,21,14,35
m,nazier,21,14,35
m,rei,21,14,35
m,sarthak,21,14,35
m,siah,21,14,35
m,yurem,21,14,35
m,alarik,20,15,35
m,che,20,15,35
m,corbett,20,15,35
m,derwin,20,15,35
m,dezmon,20,15,35
m,francois,20,15,35
m,hal,20,15,35
m,jaysean,20,15,35
m,kosta,20,15,35
m,micha,20,15,35
m,taavi,20,15,35
m,aws,19,16,35
m,damar,19,16,35
m,dreyson,19,16,35
m,greydon,19,16,35
m,hannibal,19,16,35
m,izac,19,16,35
m,kayvion,19,16,35
m,mousa,19,16,35
m,randell,19,16,35
m,samik,19,16,35
m,sebastiano,19,16,35
m,serafin,19,16,35
m,shaheem,19,16,35
m,aleem,18,17,35
m,carden,18,17,35
m,cortney,18,17,35
m,davit,18,17,35
m,dmitriy,18,17,35
m,jaelin,18,17,35
m,jaiven,18,17,35
m,jarron,18,17,35
m,kendrik,18,17,35
m,maijor,18,17,35
m,olaoluwa,18,17,35
m,rich,18,17,35
m,tyreese,18,17,35
m,yianni,18,17,35
m,adrion,17,18,35
m,asaad,17,18,35
m,azeem,17,18,35
m,bain,17,18,35
m,brysin,17,18,35
m,ehsan,17,18,35
m,florian,17,18,35
m,haruki,17,18,35
m,macallan,17,18,35
m,obinna,17,18,35
m,tyrique,17,18,35
m,chazz,16,19,35
m,cleo,16,19,35
m,colman,16,19,35
m,dontez,16,19,35
m,hani,16,19,35
m,jacarri,16,19,35
m,jayshon,16,19,35
m,joash,16,19,35
m,kameran,16,19,35
m,mattew,16,19,35
m,abrahan,15,20,35
m,desi,15,20,35
m,franz,15,20,35
m,isley,15,20,35
m,kannan,15,20,35
m,khylin,15,20,35
m,yahye,15,20,35
m,alyaan,14,21,35
m,galvin,14,21,35
m,hridaan,14,21,35
m,kannen,14,21,35
m,paulino,14,21,35
m,ulices,14,21,35
m,zaydyn,14,21,35
m,cecilio,13,22,35
m,dade,13,22,35
m,kizer,13,22,35
m,lestat,13,22,35
m,sharbel,13,22,35
m,jaise,12,23,35
m,sanders,12,23,35
f,amerika,25,9,34
f,kaidance,24,10,34
f,afia,23,11,34
f,elyzabeth,23,11,34
f,jenai,23,11,34
f,annalynne,22,12,34
f,arlen,22,12,34
f,isabellah,22,12,34
f,miana,22,12,34
f,aizlynn,21,13,34
f,christin,21,13,34
f,deliyah,21,13,34
f,jamyia,21,13,34
f,kyria,21,13,34
f,latoya,21,13,34
f,layni,21,13,34
f,lyna,21,13,34
f,prestyn,21,13,34
f,shamira,21,13,34
f,ameyah,20,14,34
f,anishka,20,14,34
f,destyni,20,14,34
f,emelin,20,14,34
f,jeana,20,14,34
f,lachlyn,20,14,34
f,laisha,20,14,34
f,marlaysia,20,14,34
f,pierce,20,14,34
f,riyana,20,14,34
f,sofiah,20,14,34
f,ahmya,19,15,34
f,alyviah,19,15,34
f,carolena,19,15,34
f,charlye,19,15,34
f,consuelo,19,15,34
f,deandra,19,15,34
f,evita,19,15,34
f,ishita,19,15,34
f,ivorie,19,15,34
f,kortney,19,15,34
f,nela,19,15,34
f,raylinn,19,15,34
f,retaj,19,15,34
f,shakayla,19,15,34
f,sylvana,19,15,34
f,zenaya,19,15,34
f,asmi,18,16,34
f,aza,18,16,34
f,azelie,18,16,34
f,gwynevere,18,16,34
f,hannia,18,16,34
f,jaselyn,18,16,34
f,kemya,18,16,34
f,layonna,18,16,34
f,leiyah,18,16,34
f,lynelle,18,16,34
f,mckenlee,18,16,34
f,megha,18,16,34
f,noely,18,16,34
f,paisyn,18,16,34
f,torah,18,16,34
f,abigaelle,17,17,34
f,atziry,17,17,34
f,aylene,17,17,34
f,brynlea,17,17,34
f,davie,17,17,34
f,dunya,17,17,34
f,josseline,17,17,34
f,kaja,17,17,34
f,katalia,17,17,34
f,kaydin,17,17,34
f,kherington,17,17,34
f,kinzey,17,17,34
f,lawren,17,17,34
f,maraya,17,17,34
f,marleen,17,17,34
f,nayana,17,17,34
f,nelle,17,17,34
f,purity,17,17,34
f,shane,17,17,34
f,zakia,17,17,34
f,asra,16,18,34
f,fraida,16,18,34
f,julina,16,18,34
f,keidy,16,18,34
f,railee,16,18,34
f,rossi,16,18,34
f,swayzie,16,18,34
f,abria,15,19,34
f,alayza,15,19,34
f,alin,15,19,34
f,bonita,15,19,34
f,darleen,15,19,34
f,dyanna,15,19,34
f,elleana,15,19,34
f,kamyiah,15,19,34
f,marybeth,15,19,34
f,naliah,15,19,34
f,peyten,15,19,34
f,shylynn,15,19,34
f,soriah,15,19,34
f,taisley,15,19,34
f,timberly,15,19,34
f,william,15,19,34
f,aubryana,14,20,34
f,danay,14,20,34
f,kailei,14,20,34
f,kenda,14,20,34
f,kenzli,14,20,34
f,koralynn,14,20,34
f,lareina,14,20,34
f,meriam,14,20,34
f,nariya,14,20,34
f,reighlynn,14,20,34
f,tamryn,14,20,34
f,zeenat,14,20,34
f,adeena,13,21,34
f,beretta,13,21,34
f,dhiya,13,21,34
f,naryah,13,21,34
f,sharlotte,13,21,34
f,zareen,13,21,34
f,amayiah,12,22,34
f,maryrose,12,22,34
f,waylon,12,22,34
f,yeva,12,22,34
f,nihal,11,23,34
f,yousra,11,23,34
f,minahil,9,25,34
f,rhilynn,9,25,34
f,gelila,8,26,34
f,lemon,8,26,34
f,setareh,5,29,34
m,tien,26,8,34
m,ajdin,24,10,34
m,caio,23,11,34
m,lazar,23,11,34
m,adonijah,22,12,34
m,malikye,22,12,34
m,tobey,22,12,34
m,ashraf,21,13,34
m,greyden,21,13,34
m,kenden,21,13,34
m,keontae,21,13,34
m,quan,21,13,34
m,raeden,21,13,34
m,rashon,21,13,34
m,snyder,21,13,34
m,vaughan,21,13,34
m,dallen,20,14,34
m,damier,20,14,34
m,daxson,20,14,34
m,jalyn,20,14,34
m,kazi,20,14,34
m,merle,20,14,34
m,nizar,20,14,34
m,sevastian,20,14,34
m,treven,20,14,34
m,zarian,20,14,34
m,amine,19,15,34
m,anastasios,19,15,34
m,dredyn,19,15,34
m,iven,19,15,34
m,kallum,19,15,34
m,langdon,19,15,34
m,lucan,19,15,34
m,maximos,19,15,34
m,mikkel,19,15,34
m,patryk,19,15,34
m,sharod,19,15,34
m,thurston,19,15,34
m,ario,18,16,34
m,demetris,18,16,34
m,eyoel,18,16,34
m,irwin,18,16,34
m,oseas,18,16,34
m,raydon,18,16,34
m,reinaldo,18,16,34
m,sarim,18,16,34
m,satya,18,16,34
m,sid,18,16,34
m,chief,17,17,34
m,daviel,17,17,34
m,gradyn,17,17,34
m,jadriel,17,17,34
m,kenechukwu,17,17,34
m,kennan,17,17,34
m,marlowe,17,17,34
m,quintyn,17,17,34
m,ziare,17,17,34
m,breyson,16,18,34
m,freedom,16,18,34
m,hyatt,16,18,34
m,mattia,16,18,34
m,raynor,16,18,34
m,ridhaan,16,18,34
m,stacey,16,18,34
m,stark,16,18,34
m,webb,16,18,34
m,aiken,15,19,34
m,baine,15,19,34
m,cruzito,15,19,34
m,jamisen,15,19,34
m,oswin,15,19,34
m,raudel,15,19,34
m,tavish,15,19,34
m,zalen,15,19,34
m,codey,14,20,34
m,izzy,14,20,34
m,khyren,14,20,34
m,kiyaan,14,20,34
m,lando,14,20,34
m,nainoa,14,20,34
m,oluwatobiloba,14,20,34
m,alika,13,21,34
m,arick,13,21,34
m,cheikh,13,21,34
m,dj,13,21,34
m,firas,13,21,34
m,janoah,13,21,34
m,kadir,13,21,34
m,mckoy,13,21,34
m,sacha,13,21,34
m,azir,12,22,34
m,dathan,12,22,34
m,kasim,12,22,34
m,madoc,11,23,34
m,linkyn,10,24,34
m,caliber,8,26,34
f,jami,25,8,33
f,alayshia,24,9,33
f,rayaan,23,10,33
f,manreet,22,11,33
f,allyn,21,12,33
f,bergen,21,12,33
f,janiylah,21,12,33
f,lillyonna,21,12,33
f,analyse,20,13,33
f,anyia,20,13,33
f,deyanira,20,13,33
f,emya,20,13,33
f,febe,20,13,33
f,giannah,20,13,33
f,mccartney,20,13,33
f,mckennah,20,13,33
f,raigen,20,13,33
f,shealynn,20,13,33
f,zamzam,20,13,33
f,adiya,19,14,33
f,aiyanah,19,14,33
f,annia,19,14,33
f,aubryanna,19,14,33
f,eymi,19,14,33
f,frankee,19,14,33
f,holli,19,14,33
f,jennings,19,14,33
f,kalilah,19,14,33
f,kooper,19,14,33
f,lynnex,19,14,33
f,margie,19,14,33
f,payslie,19,14,33
f,rifky,19,14,33
f,sakari,19,14,33
f,sophina,19,14,33
f,taliana,19,14,33
f,yarelis,19,14,33
f,zayden,19,14,33
f,brena,18,15,33
f,charmaine,18,15,33
f,devi,18,15,33
f,eeva,18,15,33
f,eliane,18,15,33
f,elika,18,15,33
f,hanley,18,15,33
f,kynzlie,18,15,33
f,leightyn,18,15,33
f,lexia,18,15,33
f,malaiah,18,15,33
f,miroslava,18,15,33
f,miryam,18,15,33
f,saiya,18,15,33
f,sireen,18,15,33
f,taniah,18,15,33
f,ulyana,18,15,33
f,aalani,17,16,33
f,alisyn,17,16,33
f,ambree,17,16,33
f,blayne,17,16,33
f,brynlynn,17,16,33
f,contessa,17,16,33
f,evaleigh,17,16,33
f,golden,17,16,33
f,iniya,17,16,33
f,itzia,17,16,33
f,jazlyne,17,16,33
f,kamyia,17,16,33
f,kiyanna,17,16,33
f,lamiah,17,16,33
f,lona,17,16,33
f,lorin,17,16,33
f,maebel,17,16,33
f,marlin,17,16,33
f,miaa,17,16,33
f,naveen,17,16,33
f,remmington,17,16,33
f,rosaleen,17,16,33
f,ruthanne,17,16,33
f,sophi,17,16,33
f,talyah,17,16,33
f,tiyana,17,16,33
f,yliana,17,16,33
f,adelita,16,17,33
f,aidana,16,17,33
f,airianna,16,17,33
f,ambrosia,16,17,33
f,arlynn,16,17,33
f,chaitra,16,17,33
f,iyanah,16,17,33
f,jameela,16,17,33
f,jamielynn,16,17,33
f,josefine,16,17,33
f,maude,16,17,33
f,misk,16,17,33
f,myangel,16,17,33
f,nikola,16,17,33
f,paislyn,16,17,33
f,ragan,16,17,33
f,rahmah,16,17,33
f,serenitee,16,17,33
f,shaima,16,17,33
f,tana,16,17,33
f,tuesday,16,17,33
f,amerah,15,18,33
f,arna,15,18,33
f,ayannah,15,18,33
f,calypso,15,18,33
f,carlina,15,18,33
f,cole,15,18,33
f,kella,15,18,33
f,mabrey,15,18,33
f,miliyah,15,18,33
f,nyanna,15,18,33
f,sejal,15,18,33
f,sophy,15,18,33
f,tsion,15,18,33
f,tylia,15,18,33
f,wrigley,15,18,33
f,ameliarose,14,19,33
f,betania,14,19,33
f,blaine,14,19,33
f,christabella,14,19,33
f,dynver,14,19,33
f,elaysia,14,19,33
f,elexa,14,19,33
f,jennessa,14,19,33
f,leanora,14,19,33
f,mahari,14,19,33
f,marvel,14,19,33
f,zeynab,14,19,33
f,zivah,14,19,33
f,ellenor,13,20,33
f,malie,13,20,33
f,prim,13,20,33
f,yaelis,13,20,33
f,aaima,12,21,33
f,alyra,12,21,33
f,angelly,12,21,33
f,itzabella,12,21,33
f,jaionna,12,21,33
f,kenisha,12,21,33
f,sanari,12,21,33
f,toriana,12,21,33
f,briany,11,22,33
f,germani,11,22,33
f,kymora,11,22,33
f,nathali,11,22,33
f,grier,10,23,33
f,hayli,10,23,33
f,shrinika,10,23,33
f,teodora,10,23,33
f,jaelynne,9,24,33
f,bindi,8,25,33
m,rivan,24,9,33
m,kavir,23,10,33
m,davonta,21,12,33
m,izmael,21,12,33
m,larsen,21,12,33
m,maisen,21,12,33
m,menashe,21,12,33
m,mica,21,12,33
m,abenezer,20,13,33
m,elyon,20,13,33
m,hart,20,13,33
m,haygen,20,13,33
m,yared,20,13,33
m,charlton,19,14,33
m,kyri,19,14,33
m,adric,18,15,33
m,aloysius,18,15,33
m,amarie,18,15,33
m,brydon,18,15,33
m,bryler,18,15,33
m,davyn,18,15,33
m,dekari,18,15,33
m,haadi,18,15,33
m,kailan,18,15,33
m,kainalu,18,15,33
m,kaydenn,18,15,33
m,keygan,18,15,33
m,manraj,18,15,33
m,moustapha,18,15,33
m,rafi,18,15,33
m,ronit,18,15,33
m,treveon,18,15,33
m,yazen,18,15,33
m,yishai,18,15,33
m,arnez,17,16,33
m,baer,17,16,33
m,berkeley,17,16,33
m,connar,17,16,33
m,darious,17,16,33
m,dastan,17,16,33
m,dewey,17,16,33
m,jakhai,17,16,33
m,jakye,17,16,33
m,ladd,17,16,33
m,param,17,16,33
m,rollin,17,16,33
m,ryo,17,16,33
m,yazeed,17,16,33
m,aasir,16,17,33
m,amit,16,17,33
m,davante,16,17,33
m,derion,16,17,33
m,dimitry,16,17,33
m,hays,16,17,33
m,heaven,16,17,33
m,jafeth,16,17,33
m,kairav,16,17,33
m,mateusz,16,17,33
m,mitch,16,17,33
m,rayner,16,17,33
m,riku,16,17,33
m,rilee,16,17,33
m,roark,16,17,33
m,shakir,16,17,33
m,abhimanyu,15,18,33
m,airam,15,18,33
m,asaph,15,18,33
m,ashe,15,18,33
m,avigdor,15,18,33
m,bastion,15,18,33
m,jaxxson,15,18,33
m,jubal,15,18,33
m,karsin,15,18,33
m,kelley,15,18,33
m,melchizedek,15,18,33
m,mykael,15,18,33
m,tycho,15,18,33
m,kadon,14,19,33
m,kden,14,19,33
m,makar,14,19,33
m,marcial,14,19,33
m,meshach,14,19,33
m,moxon,14,19,33
m,naithan,14,19,33
m,prestin,14,19,33
m,roi,14,19,33
m,tage,14,19,33
m,akim,13,20,33
m,nivin,13,20,33
m,hamid,12,21,33
m,nazario,12,21,33
m,xaiver,12,21,33
m,devesh,11,22,33
m,lindon,11,22,33
m,ousman,7,26,33
f,aarika,23,9,32
f,sophiah,23,9,32
f,angelena,22,10,32
f,taiya,22,10,32
f,aleigh,21,11,32
f,elea,21,11,32
f,ellouise,21,11,32
f,lamyah,21,11,32
f,mycah,21,11,32
f,sanaii,21,11,32
f,shalynn,21,11,32
f,sindy,21,11,32
f,alivea,20,12,32
f,anala,20,12,32
f,annsleigh,20,12,32
f,anoushka,20,12,32
f,kathalina,20,12,32
f,kinze,20,12,32
f,oriah,20,12,32
f,saylah,20,12,32
f,tynleigh,20,12,32
f,areya,19,13,32
f,audi,19,13,32
f,caylynn,19,13,32
f,embrie,19,13,32
f,emmerie,19,13,32
f,jariya,19,13,32
f,jaylenne,19,13,32
f,lania,19,13,32
f,nhi,19,13,32
f,raeanna,19,13,32
f,shariyah,19,13,32
f,agustina,18,14,32
f,ayza,18,14,32
f,chaney,18,14,32
f,corbin,18,14,32
f,david,18,14,32
f,emmaly,18,14,32
f,emmalyne,18,14,32
f,ethan,18,14,32
f,evia,18,14,32
f,greenley,18,14,32
f,janaye,18,14,32
f,kiona,18,14,32
f,kolette,18,14,32
f,lyndee,18,14,32
f,manaal,18,14,32
f,meaghan,18,14,32
f,nikolina,18,14,32
f,samreen,18,14,32
f,taraoluwa,18,14,32
f,tommi,18,14,32
f,walker,18,14,32
f,yarel,18,14,32
f,ysabelle,18,14,32
f,alexianna,17,15,32
f,amel,17,15,32
f,ayani,17,15,32
f,catriona,17,15,32
f,chassity,17,15,32
f,darely,17,15,32
f,ellsie,17,15,32
f,hazyl,17,15,32
f,jeniah,17,15,32
f,mckinsley,17,15,32
f,melek,17,15,32
f,nolah,17,15,32
f,reham,17,15,32
f,teighan,17,15,32
f,tyliyah,17,15,32
f,viha,17,15,32
f,xariah,17,15,32
f,yuvia,17,15,32
f,ahmani,16,16,32
f,alden,16,16,32
f,aleaha,16,16,32
f,amirra,16,16,32
f,andersyn,16,16,32
f,anjana,16,16,32
f,arayna,16,16,32
f,ariely,16,16,32
f,aysel,16,16,32
f,azia,16,16,32
f,brantlee,16,16,32
f,brittan,16,16,32
f,carlotta,16,16,32
f,chelsi,16,16,32
f,dahlila,16,16,32
f,dyana,16,16,32
f,elanna,16,16,32
f,emmamarie,16,16,32
f,hayle,16,16,32
f,kharma,16,16,32
f,madalynne,16,16,32
f,maela,16,16,32
f,memory,16,16,32
f,navie,16,16,32
f,patsy,16,16,32
f,raileigh,16,16,32
f,tai,16,16,32
f,terriana,16,16,32
f,tessla,16,16,32
f,timberlynn,16,16,32
f,traci,16,16,32
f,ahmari,15,17,32
f,aliz,15,17,32
f,anah,15,17,32
f,angella,15,17,32
f,arrabella,15,17,32
f,ayane,15,17,32
f,bellamie,15,17,32
f,evalena,15,17,32
f,haasini,15,17,32
f,ivori,15,17,32
f,jonna,15,17,32
f,juvia,15,17,32
f,karishma,15,17,32
f,keonna,15,17,32
f,loriana,15,17,32
f,makeyla,15,17,32
f,mayrani,15,17,32
f,mylan,15,17,32
f,nethra,15,17,32
f,nomi,15,17,32
f,roza,15,17,32
f,syrena,15,17,32
f,yanna,15,17,32
f,anaid,14,18,32
f,anjelica,14,18,32
f,briarrose,14,18,32
f,chapel,14,18,32
f,chenoa,14,18,32
f,colbi,14,18,32
f,haiven,14,18,32
f,jazz,14,18,32
f,karisa,14,18,32
f,kylia,14,18,32
f,nayra,14,18,32
f,paz,14,18,32
f,wania,14,18,32
f,zo,14,18,32
f,avonna,13,19,32
f,jermany,13,19,32
f,khamila,13,19,32
f,neytiri,13,19,32
f,peggy,13,19,32
f,rylah,13,19,32
f,samaiya,13,19,32
f,tiya,13,19,32
f,brucha,12,20,32
f,malya,12,20,32
f,nena,12,20,32
f,zarielle,12,20,32
f,ellarae,11,21,32
f,mirra,11,21,32
f,skyrah,11,21,32
f,ameia,10,22,32
f,flavia,10,22,32
f,nadira,10,22,32
f,tahani,7,25,32
m,maejor,25,7,32
m,randon,22,10,32
m,amonte,21,11,32
m,cordero,21,11,32
m,isabella,21,11,32
m,jomari,21,11,32
m,nyzir,21,11,32
m,sanav,21,11,32
m,yehudah,21,11,32
m,alvis,20,12,32
m,dacari,20,12,32
m,deontay,20,12,32
m,friedrich,20,12,32
m,garth,20,12,32
m,kavan,20,12,32
m,mikeal,20,12,32
m,rahil,20,12,32
m,rapheal,20,12,32
m,tyshon,20,12,32
m,yovanni,20,12,32
m,andriel,19,13,32
m,darshan,19,13,32
m,dondre,19,13,32
m,hridhaan,19,13,32
m,kodie,19,13,32
m,kord,19,13,32
m,lauro,19,13,32
m,zakkary,19,13,32
m,zavior,19,13,32
m,arsenio,18,14,32
m,asir,18,14,32
m,daijon,18,14,32
m,domonique,18,14,32
m,haidar,18,14,32
m,javaughn,18,14,32
m,lawsen,18,14,32
m,mansour,18,14,32
m,margarito,18,14,32
m,matvey,18,14,32
m,riyad,18,14,32
m,rockford,18,14,32
m,ruxin,18,14,32
m,tyrie,18,14,32
m,abrar,17,15,32
m,amel,17,15,32
m,asante,17,15,32
m,djuan,17,15,32
m,elchonon,17,15,32
m,emrick,17,15,32
m,kairi,17,15,32
m,kalum,17,15,32
m,keithan,17,15,32
m,leondre,17,15,32
m,martel,17,15,32
m,phil,17,15,32
m,sabian,17,15,32
m,sabin,17,15,32
m,antwaun,16,16,32
m,brandin,16,16,32
m,damond,16,16,32
m,gatlyn,16,16,32
m,grason,16,16,32
m,igor,16,16,32
m,josaiah,16,16,32
m,june,16,16,32
m,neville,16,16,32
m,suraj,16,16,32
m,tyreke,16,16,32
m,aundre,15,17,32
m,brockton,15,17,32
m,husayn,15,17,32
m,jhoan,15,17,32
m,martino,15,17,32
m,rishab,15,17,32
m,teon,15,17,32
m,woods,15,17,32
m,coltrane,14,18,32
m,fransisco,14,18,32
m,jarom,14,18,32
m,kasai,14,18,32
m,mujtaba,14,18,32
m,rajan,14,18,32
m,slayde,14,18,32
m,tad,14,18,32
m,tyrann,14,18,32
m,amore,13,19,32
m,crosley,13,19,32
m,fahd,13,19,32
m,gram,13,19,32
m,jarel,13,19,32
m,jevin,13,19,32
m,kemar,13,19,32
m,kemet,13,19,32
m,mohid,13,19,32
m,mohsin,13,19,32
m,suhail,13,19,32
m,avyn,12,20,32
m,bearett,12,20,32
m,brylin,12,20,32
m,kaicen,12,20,32
m,naod,12,20,32
m,suleyman,12,20,32
m,zakariyya,12,20,32
m,zebediah,12,20,32
m,bernie,11,21,32
m,esiah,11,21,32
m,jd,11,21,32
m,julen,11,21,32
m,khyson,11,21,32
m,liban,11,21,32
m,nilan,11,21,32
m,tayveon,11,21,32
m,kendyn,10,22,32
m,mazi,10,22,32
m,ruhan,10,22,32
m,vedh,9,23,32
m,shivaan,8,24,32
f,hayslee,25,6,31
f,delayna,23,8,31
f,nyree,23,8,31
f,arora,22,9,31
f,kailie,22,9,31
f,pheobe,22,9,31
f,emmalene,21,10,31
f,lazaria,21,10,31
f,anberlin,20,11,31
f,anyelin,20,11,31
f,brantleigh,20,11,31
f,dalayah,20,11,31
f,kyndel,20,11,31
f,aleea,19,12,31
f,ariell,19,12,31
f,arielys,19,12,31
f,cherie,19,12,31
f,espyn,19,12,31
f,han,19,12,31
f,jahnavi,19,12,31
f,jalayna,19,12,31
f,kalin,19,12,31
f,kanani,19,12,31
f,kiri,19,12,31
f,libbie,19,12,31
f,lolita,19,12,31
f,malanie,19,12,31
f,melyssa,19,12,31
f,roselle,19,12,31
f,srinidhi,19,12,31
f,ziyana,19,12,31
f,amalya,18,13,31
f,amela,18,13,31
f,analea,18,13,31
f,aryanah,18,13,31
f,bruna,18,13,31
f,daylee,18,13,31
f,elsi,18,13,31
f,jahniyah,18,13,31
f,johnae,18,13,31
f,kashmere,18,13,31
f,lovelyn,18,13,31
f,ramiya,18,13,31
f,satya,18,13,31
f,tilda,18,13,31
f,tytiana,18,13,31
f,zailah,18,13,31
f,candelaria,17,14,31
f,cyleigh,17,14,31
f,evony,17,14,31
f,gulianna,17,14,31
f,jakiah,17,14,31
f,jannatul,17,14,31
f,jaritza,17,14,31
f,melayna,17,14,31
f,mellanie,17,14,31
f,renesme,17,14,31
f,shamari,17,14,31
f,shanna,17,14,31
f,shanzay,17,14,31
f,zahari,17,14,31
f,abrar,16,15,31
f,abryanna,16,15,31
f,cadance,16,15,31
f,christyn,16,15,31
f,corryn,16,15,31
f,elainah,16,15,31
f,ellayna,16,15,31
f,emmely,16,15,31
f,erionna,16,15,31
f,humaira,16,15,31
f,iriana,16,15,31
f,jahniya,16,15,31
f,jenaya,16,15,31
f,keelin,16,15,31
f,kimorah,16,15,31
f,lachlan,16,15,31
f,leola,16,15,31
f,livianna,16,15,31
f,luzelena,16,15,31
f,malerie,16,15,31
f,pharrah,16,15,31
f,raynee,16,15,31
f,rin,16,15,31
f,roshni,16,15,31
f,simi,16,15,31
f,yuli,16,15,31
f,zenovia,16,15,31
f,adahlia,15,16,31
f,adelai,15,16,31
f,alesandra,15,16,31
f,aryonna,15,16,31
f,braelynne,15,16,31
f,cabella,15,16,31
f,claribel,15,16,31
f,clark,15,16,31
f,emunah,15,16,31
f,estephanie,15,16,31
f,estrellita,15,16,31
f,eyleen,15,16,31
f,izadora,15,16,31
f,izzie,15,16,31
f,jaydin,15,16,31
f,jayley,15,16,31
f,jordy,15,16,31
f,julianny,15,16,31
f,khaleah,15,16,31
f,lynae,15,16,31
f,makynna,15,16,31
f,malaina,15,16,31
f,raelle,15,16,31
f,raphaella,15,16,31
f,roux,15,16,31
f,sreshta,15,16,31
f,tenaya,15,16,31
f,addilee,14,17,31
f,amir,14,17,31
f,areen,14,17,31
f,augustina,14,17,31
f,graelyn,14,17,31
f,janeli,14,17,31
f,kennidi,14,17,31
f,lita,14,17,31
f,marni,14,17,31
f,oliviagrace,14,17,31
f,reverie,14,17,31
f,rosalin,14,17,31
f,roxi,14,17,31
f,saveah,14,17,31
f,suttyn,14,17,31
f,taylie,14,17,31
f,toba,14,17,31
f,zillah,14,17,31
f,zully,14,17,31
f,annaliah,13,18,31
f,areesha,13,18,31
f,breindy,13,18,31
f,daleiza,13,18,31
f,dekota,13,18,31
f,elspeth,13,18,31
f,ibtisam,13,18,31
f,jeriah,13,18,31
f,legacie,13,18,31
f,leiloni,13,18,31
f,lolah,13,18,31
f,mirai,13,18,31
f,nazaria,13,18,31
f,noni,13,18,31
f,troi,13,18,31
f,airi,12,19,31
f,alazne,12,19,31
f,aliciana,12,19,31
f,baya,12,19,31
f,caiya,12,19,31
f,ivyrose,12,19,31
f,jream,12,19,31
f,juliah,12,19,31
f,kash,12,19,31
f,kenslei,12,19,31
f,nur,12,19,31
f,rowena,12,19,31
f,sibyl,12,19,31
f,xara,12,19,31
f,akyra,11,20,31
f,brilyn,11,20,31
f,cylee,11,20,31
f,emiya,11,20,31
f,hero,11,20,31
f,mariann,11,20,31
f,sina,11,20,31
f,zadaya,11,20,31
f,calyn,10,21,31
f,mariamawit,10,21,31
f,ray,10,21,31
f,zakayla,10,21,31
f,annelie,9,22,31
f,arriah,9,22,31
f,emmarae,9,22,31
f,maleeah,9,22,31
m,imanol,24,7,31
m,majed,21,10,31
m,prentice,21,10,31
m,ryleigh,21,10,31
m,hamish,20,11,31
m,jamarious,20,11,31
m,jamez,20,11,31
m,raynard,20,11,31
m,ricco,20,11,31
m,izyk,19,12,31
m,jhace,19,12,31
m,xaden,19,12,31
m,adir,18,13,31
m,axcel,18,13,31
m,damauri,18,13,31
m,degan,18,13,31
m,demetrious,18,13,31
m,kanai,18,13,31
m,macklen,18,13,31
m,madox,18,13,31
m,masin,18,13,31
m,napoleon,18,13,31
m,ramy,18,13,31
m,ahkeem,17,14,31
m,ainsley,17,14,31
m,antone,17,14,31
m,asriel,17,14,31
m,jadrian,17,14,31
m,juanito,17,14,31
m,kamdin,17,14,31
m,kani,17,14,31
m,koleson,17,14,31
m,leonides,17,14,31
m,mia,17,14,31
m,mir,17,14,31
m,payne,17,14,31
m,sheikh,17,14,31
m,trayden,17,14,31
m,trystin,17,14,31
m,zachari,17,14,31
m,abdiaziz,16,15,31
m,athanasius,16,15,31
m,azarius,16,15,31
m,azure,16,15,31
m,bostyn,16,15,31
m,caedyn,16,15,31
m,christien,16,15,31
m,cuauhtemoc,16,15,31
m,deng,16,15,31
m,diondre,16,15,31
m,feliciano,16,15,31
m,haruto,16,15,31
m,jamario,16,15,31
m,kolbie,16,15,31
m,naaman,16,15,31
m,rilan,16,15,31
m,ulrich,16,15,31
m,zubayr,16,15,31
m,aviraj,15,16,31
m,bryn,15,16,31
m,celestino,15,16,31
m,daevion,15,16,31
m,dailyn,15,16,31
m,dionicio,15,16,31
m,embry,15,16,31
m,emilliano,15,16,31
m,jadin,15,16,31
m,jashon,15,16,31
m,joss,15,16,31
m,keahi,15,16,31
m,melo,15,16,31
m,midas,15,16,31
m,montae,15,16,31
m,peregrine,15,16,31
m,philemon,15,16,31
m,rocko,15,16,31
m,sharvil,15,16,31
m,sherrod,15,16,31
m,soloman,15,16,31
m,takai,15,16,31
m,tao,15,16,31
m,trustin,15,16,31
m,zoltan,15,16,31
m,anchor,14,17,31
m,azlaan,14,17,31
m,breydon,14,17,31
m,dannie,14,17,31
m,itamar,14,17,31
m,maksymilian,14,17,31
m,maurizio,14,17,31
m,maycol,14,17,31
m,prithvi,14,17,31
m,raffaele,14,17,31
m,saverio,14,17,31
m,sophia,14,17,31
m,steffan,14,17,31
m,torrian,14,17,31
m,wake,14,17,31
m,willow,14,17,31
m,yazid,14,17,31
m,edwyn,13,18,31
m,holten,13,18,31
m,jayron,13,18,31
m,kalob,13,18,31
m,lorik,13,18,31
m,maikol,13,18,31
m,owais,13,18,31
m,stefon,13,18,31
m,zohaib,13,18,31
m,dinero,12,19,31
m,jaece,12,19,31
m,josemiguel,12,19,31
m,kylor,12,19,31
m,mase,12,19,31
m,othman,12,19,31
m,tamarion,12,19,31
m,haroun,11,20,31
m,kayin,8,23,31
m,kaysan,8,23,31
m,yaser,8,23,31
f,jaretssi,22,8,30
f,krystiana,22,8,30
f,mollee,22,8,30
f,armonii,21,9,30
f,meilany,21,9,30
f,jalayla,20,10,30
f,laasya,20,10,30
f,nathania,20,10,30
f,nyliah,20,10,30
f,alexiah,19,11,30
f,annebelle,19,11,30
f,annelyse,19,11,30
f,anum,19,11,30
f,dalya,19,11,30
f,destany,19,11,30
f,emylee,19,11,30
f,gimena,19,11,30
f,kamree,19,11,30
f,kennedee,19,11,30
f,melis,19,11,30
f,olivea,19,11,30
f,yazlin,19,11,30
f,aberdeen,18,12,30
f,adaliah,18,12,30
f,analaya,18,12,30
f,azaylia,18,12,30
f,benjamin,18,12,30
f,cassi,18,12,30
f,dally,18,12,30
f,emireth,18,12,30
f,gauri,18,12,30
f,ivett,18,12,30
f,jezelle,18,12,30
f,kailana,18,12,30
f,klover,18,12,30
f,marlaina,18,12,30
f,meztli,18,12,30
f,mialynn,18,12,30
f,nasra,18,12,30
f,shaylie,18,12,30
f,taleigha,18,12,30
f,tzipporah,18,12,30
f,ananda,17,13,30
f,avy,17,13,30
f,callia,17,13,30
f,damiah,17,13,30
f,dannia,17,13,30
f,evangelyn,17,13,30
f,haedyn,17,13,30
f,ita,17,13,30
f,jaylan,17,13,30
f,kynzley,17,13,30
f,lylia,17,13,30
f,meili,17,13,30
f,myonna,17,13,30
f,samhita,17,13,30
f,stephani,17,13,30
f,torie,17,13,30
f,alishba,16,14,30
f,audriella,16,14,30
f,aunesty,16,14,30
f,chyann,16,14,30
f,corabelle,16,14,30
f,corynn,16,14,30
f,davia,16,14,30
f,desiray,16,14,30
f,dusty,16,14,30
f,edlyn,16,14,30
f,eilee,16,14,30
f,elizabelle,16,14,30
f,katja,16,14,30
f,krysten,16,14,30
f,maeven,16,14,30
f,maleeyah,16,14,30
f,maybel,16,14,30
f,miia,16,14,30
f,mykaela,16,14,30
f,nylee,16,14,30
f,siyona,16,14,30
f,zayanna,16,14,30
f,zharia,16,14,30
f,abri,15,15,30
f,aliani,15,15,30
f,amra,15,15,30
f,binta,15,15,30
f,bowen,15,15,30
f,brooklyne,15,15,30
f,callen,15,15,30
f,dalaney,15,15,30
f,danely,15,15,30
f,elza,15,15,30
f,hadiyah,15,15,30
f,khamya,15,15,30
f,kimari,15,15,30
f,laylee,15,15,30
f,lilley,15,15,30
f,maevis,15,15,30
f,marit,15,15,30
f,mio,15,15,30
f,ritaj,15,15,30
f,ruhani,15,15,30
f,seeley,15,15,30
f,soriya,15,15,30
f,tamira,15,15,30
f,tvisha,15,15,30
f,ziara,15,15,30
f,aariya,14,16,30
f,aithana,14,16,30
f,ajwa,14,16,30
f,amulya,14,16,30
f,avanna,14,16,30
f,bethania,14,16,30
f,betzy,14,16,30
f,bless,14,16,30
f,catalyna,14,16,30
f,hodan,14,16,30
f,jaelene,14,16,30
f,jailey,14,16,30
f,knox,14,16,30
f,krimson,14,16,30
f,laiyla,14,16,30
f,myrna,14,16,30
f,perrie,14,16,30
f,sarabeth,14,16,30
f,tobi,14,16,30
f,toleen,14,16,30
f,zarai,14,16,30
f,zarayah,14,16,30
f,arista,13,17,30
f,aryella,13,17,30
f,aslyn,13,17,30
f,aviela,13,17,30
f,ayaana,13,17,30
f,bibi,13,17,30
f,camyla,13,17,30
f,eilyn,13,17,30
f,greenleigh,13,17,30
f,hazell,13,17,30
f,kimi,13,17,30
f,kyna,13,17,30
f,layani,13,17,30
f,leira,13,17,30
f,lilac,13,17,30
f,lissandra,13,17,30
f,lylian,13,17,30
f,myles,13,17,30
f,naava,13,17,30
f,nisha,13,17,30
f,oliviarose,13,17,30
f,oriyah,13,17,30
f,rifka,13,17,30
f,shelley,13,17,30
f,skilynn,13,17,30
f,aurorah,12,18,30
f,blaike,12,18,30
f,brodie,12,18,30
f,carmelina,12,18,30
f,darlin,12,18,30
f,efrata,12,18,30
f,gaelle,12,18,30
f,idalie,12,18,30
f,jamey,12,18,30
f,jeriyah,12,18,30
f,junie,12,18,30
f,karra,12,18,30
f,lennyx,12,18,30
f,loralye,12,18,30
f,maggy,12,18,30
f,mairin,12,18,30
f,marita,12,18,30
f,morgana,12,18,30
f,thania,12,18,30
f,anam,11,19,30
f,astra,11,19,30
f,daisie,11,19,30
f,ellarie,11,19,30
f,emerlyn,11,19,30
f,evanee,11,19,30
f,gemini,11,19,30
f,henslee,11,19,30
f,jeneva,11,19,30
f,kana,11,19,30
f,milli,11,19,30
f,rhyann,11,19,30
f,tessie,11,19,30
f,valeska,11,19,30
f,yamilex,11,19,30
f,yuriana,11,19,30
f,zeppelin,10,20,30
f,aina,9,21,30
f,emberley,9,21,30
f,aamani,7,23,30
f,annaleigha,7,23,30
f,itzamara,6,24,30
m,jeramy,21,9,30
m,danyel,20,10,30
m,gleb,20,10,30
m,jachin,20,10,30
m,jimi,19,11,30
m,kyrese,19,11,30
m,machi,19,11,30
m,makiah,19,11,30
m,torben,19,11,30
m,zorian,19,11,30
m,altair,18,12,30
m,badr,18,12,30
m,damarco,18,12,30
m,damontae,18,12,30
m,edris,18,12,30
m,jaymison,18,12,30
m,julez,18,12,30
m,kyian,18,12,30
m,revel,18,12,30
m,skylor,18,12,30
m,stanford,18,12,30
m,syris,18,12,30
m,thad,18,12,30
m,vivek,18,12,30
m,alexandr,17,13,30
m,andon,17,13,30
m,buster,17,13,30
m,caelen,17,13,30
m,daeshawn,17,13,30
m,jeramie,17,13,30
m,jermain,17,13,30
m,lashaun,17,13,30
m,lenard,17,13,30
m,mcclain,17,13,30
m,petar,17,13,30
m,prem,17,13,30
m,renn,17,13,30
m,teller,17,13,30
m,yovany,17,13,30
m,ahmar,16,14,30
m,eivan,16,14,30
m,haneef,16,14,30
m,hanif,16,14,30
m,jaymin,16,14,30
m,knoah,16,14,30
m,mirza,16,14,30
m,nandan,16,14,30
m,nicoli,16,14,30
m,sayer,16,14,30
m,tayshaun,16,14,30
m,wylan,16,14,30
m,yuma,16,14,30
m,zhane,16,14,30
m,adama,15,15,30
m,aser,15,15,30
m,esequiel,15,15,30
m,irfan,15,15,30
m,jovi,15,15,30
m,kesler,15,15,30
m,oluwasemilore,15,15,30
m,reda,15,15,30
m,ripken,15,15,30
m,rohit,15,15,30
m,rowe,15,15,30
m,rustyn,15,15,30
m,shon,15,15,30
m,slayden,15,15,30
m,syre,15,15,30
m,terrel,15,15,30
m,yaiden,15,15,30
m,almir,14,16,30
m,antwain,14,16,30
m,arek,14,16,30
m,ashdon,14,16,30
m,attikus,14,16,30
m,aydyn,14,16,30
m,baraka,14,16,30
m,beauden,14,16,30
m,behr,14,16,30
m,chayson,14,16,30
m,chip,14,16,30
m,guthrie,14,16,30
m,helix,14,16,30
m,keighan,14,16,30
m,lovell,14,16,30
m,luccas,14,16,30
m,luian,14,16,30
m,lydell,14,16,30
m,masud,14,16,30
m,nadeem,14,16,30
m,neri,14,16,30
m,raed,14,16,30
m,rahul,14,16,30
m,sehaj,14,16,30
m,sergey,14,16,30
m,sherwin,14,16,30
m,victory,14,16,30
m,viliami,14,16,30
m,aarian,13,17,30
m,breyon,13,17,30
m,dagan,13,17,30
m,even,13,17,30
m,eyal,13,17,30
m,ikenna,13,17,30
m,ilai,13,17,30
m,kashden,13,17,30
m,keaghan,13,17,30
m,maddyx,13,17,30
m,omid,13,17,30
m,parish,13,17,30
m,porfirio,13,17,30
m,rithik,13,17,30
m,sixto,13,17,30
m,taysen,13,17,30
m,vadim,13,17,30
m,yaroslav,13,17,30
m,andru,12,18,30
m,beckem,12,18,30
m,buckley,12,18,30
m,daulton,12,18,30
m,ellias,12,18,30
m,jakobie,12,18,30
m,jalin,12,18,30
m,koston,12,18,30
m,theodoros,12,18,30
m,trust,12,18,30
m,yanni,12,18,30
m,yuki,12,18,30
m,aryav,11,19,30
m,avry,11,19,30
m,britt,11,19,30
m,caron,11,19,30
m,henrick,11,19,30
m,kemani,11,19,30
m,keyvon,11,19,30
m,raffi,11,19,30
m,rizwan,11,19,30
m,ryzen,11,19,30
m,supreme,11,19,30
m,yago,11,19,30
m,alyas,10,20,30
m,amjad,10,20,30
m,dakhari,10,20,30
m,jensyn,10,20,30
m,merik,10,20,30
m,vic,10,20,30
m,azan,9,21,30
m,rai,9,21,30
m,rudransh,9,21,30
m,jahan,8,22,30
f,emmary,22,7,29
f,jerilyn,21,8,29
f,meeka,21,8,29
f,breslin,20,9,29
f,evolette,20,9,29
f,millianna,20,9,29
f,yesica,20,9,29
f,caydance,19,10,29
f,elda,19,10,29
f,gavriella,19,10,29
f,hagen,19,10,29
f,judea,19,10,29
f,kyasia,19,10,29
f,mackenzee,19,10,29
f,maniya,19,10,29
f,mylia,19,10,29
f,zaraya,19,10,29
f,allysa,18,11,29
f,anasia,18,11,29
f,bayli,18,11,29
f,brittani,18,11,29
f,deeksha,18,11,29
f,dominic,18,11,29
f,gabriele,18,11,29
f,haevyn,18,11,29
f,jaylean,18,11,29
f,jaziya,18,11,29
f,lileigh,18,11,29
f,mayvis,18,11,29
f,pria,18,11,29
f,shantell,18,11,29
f,taj,18,11,29
f,trinidy,18,11,29
f,avina,17,12,29
f,avrianna,17,12,29
f,ayline,17,12,29
f,berklie,17,12,29
f,charla,17,12,29
f,chasidy,17,12,29
f,creedence,17,12,29
f,gladis,17,12,29
f,halee,17,12,29
f,janina,17,12,29
f,leiliana,17,12,29
f,makynzi,17,12,29
f,marifer,17,12,29
f,maryclaire,17,12,29
f,merary,17,12,29
f,merryn,17,12,29
f,nardos,17,12,29
f,nysha,17,12,29
f,presli,17,12,29
f,reagen,17,12,29
f,renad,17,12,29
f,roselee,17,12,29
f,sefora,17,12,29
f,taleyah,17,12,29
f,abriel,16,13,29
f,adalei,16,13,29
f,akshita,16,13,29
f,ashtynn,16,13,29
f,ayianna,16,13,29
f,blaze,16,13,29
f,brier,16,13,29
f,epiphany,16,13,29
f,fable,16,13,29
f,isaura,16,13,29
f,jentri,16,13,29
f,lilybeth,16,13,29
f,lorielle,16,13,29
f,maisha,16,13,29
f,milynn,16,13,29
f,nasiyah,16,13,29
f,nile,16,13,29
f,nyala,16,13,29
f,rashel,16,13,29
f,rayanne,16,13,29
f,rielyn,16,13,29
f,rosaria,16,13,29
f,sritha,16,13,29
f,vincenza,16,13,29
f,zaleigh,16,13,29
f,adylin,15,14,29
f,alyss,15,14,29
f,anaeli,15,14,29
f,annaka,15,14,29
f,arielis,15,14,29
f,armanii,15,14,29
f,breezy,15,14,29
f,connelly,15,14,29
f,dominika,15,14,29
f,kaylena,15,14,29
f,leighana,15,14,29
f,lincy,15,14,29
f,madylin,15,14,29
f,maebelle,15,14,29
f,raeley,15,14,29
f,rayhana,15,14,29
f,robbie,15,14,29
f,roselie,15,14,29
f,tracie,15,14,29
f,zakiah,15,14,29
f,zamia,15,14,29
f,zeriah,15,14,29
f,adaleah,14,15,29
f,annakate,14,15,29
f,aqsa,14,15,29
f,ayanah,14,15,29
f,beulah,14,15,29
f,carlisle,14,15,29
f,denia,14,15,29
f,devanny,14,15,29
f,elainna,14,15,29
f,emilianna,14,15,29
f,ginevra,14,15,29
f,graycie,14,15,29
f,haleema,14,15,29
f,haset,14,15,29
f,jaxsyn,14,15,29
f,jeslynn,14,15,29
f,keani,14,15,29
f,kody,14,15,29
f,korrie,14,15,29
f,lynnleigh,14,15,29
f,madelina,14,15,29
f,modesty,14,15,29
f,myrical,14,15,29
f,nayvie,14,15,29
f,noe,14,15,29
f,pennelope,14,15,29
f,rebecka,14,15,29
f,ritika,14,15,29
f,shylo,14,15,29
f,tamsyn,14,15,29
f,tatiyana,14,15,29
f,terryn,14,15,29
f,tucker,14,15,29
f,yalitza,14,15,29
f,zanya,14,15,29
f,ama,13,16,29
f,anastyn,13,16,29
f,asenath,13,16,29
f,azarah,13,16,29
f,azrael,13,16,29
f,brinsley,13,16,29
f,elany,13,16,29
f,emmett,13,16,29
f,eniola,13,16,29
f,gissell,13,16,29
f,jadeyn,13,16,29
f,jakaylah,13,16,29
f,jazmynn,13,16,29
f,jerica,13,16,29
f,jonelle,13,16,29
f,joury,13,16,29
f,keniya,13,16,29
f,kesley,13,16,29
f,madalin,13,16,29
f,mahdiya,13,16,29
f,sherri,13,16,29
f,trany,13,16,29
f,alayha,12,17,29
f,aletta,12,17,29
f,alicja,12,17,29
f,avea,12,17,29
f,bhavya,12,17,29
f,cohen,12,17,29
f,desteny,12,17,29
f,elaf,12,17,29
f,kamsiyochukwu,12,17,29
f,keeleigh,12,17,29
f,lisseth,12,17,29
f,madolyn,12,17,29
f,mahathi,12,17,29
f,mikaya,12,17,29
f,natallie,12,17,29
f,rayelle,12,17,29
f,rhett,12,17,29
f,sam,12,17,29
f,sarabi,12,17,29
f,tisha,12,17,29
f,tiwatope,12,17,29
f,vung,12,17,29
f,wylee,12,17,29
f,alynah,11,18,29
f,arrie,11,18,29
f,averlee,11,18,29
f,bralyn,11,18,29
f,brihana,11,18,29
f,dawt,11,18,29
f,galaxy,11,18,29
f,leiya,11,18,29
f,lilie,11,18,29
f,maily,11,18,29
f,maryjo,11,18,29
f,nohea,11,18,29
f,osiris,11,18,29
f,rabia,11,18,29
f,sophee,11,18,29
f,viera,11,18,29
f,ameilia,10,19,29
f,andra,10,19,29
f,ayeza,10,19,29
f,baker,10,19,29
f,karyn,10,19,29
f,koree,10,19,29
f,kylyn,10,19,29
f,tamyah,10,19,29
f,adrionna,9,20,29
f,remingtyn,9,20,29
f,maddyx,8,21,29
f,bellatrix,5,24,29
f,jani,5,24,29
f,westlyn,5,24,29
m,treysen,24,5,29
m,aarit,22,7,29
m,demarkus,21,8,29
m,ayyan,20,9,29
m,estuardo,20,9,29
m,jaylynn,20,9,29
m,jeziel,20,9,29
m,kamerin,20,9,29
m,zeeshan,20,9,29
m,ava,19,10,29
m,isaih,19,10,29
m,kail,19,10,29
m,kaleab,19,10,29
m,mateen,19,10,29
m,taiga,19,10,29
m,treshaun,19,10,29
m,tyr,19,10,29
m,yuto,19,10,29
m,curran,18,11,29
m,dallis,18,11,29
m,edahi,18,11,29
m,esvin,18,11,29
m,gaberiel,18,11,29
m,gable,18,11,29
m,tino,18,11,29
m,anthoni,17,12,29
m,bow,17,12,29
m,bradon,17,12,29
m,braylynn,17,12,29
m,dain,17,12,29
m,haitham,17,12,29
m,ilay,17,12,29
m,jahkari,17,12,29
m,jakaden,17,12,29
m,kingjames,17,12,29
m,klein,17,12,29
m,kru,17,12,29
m,lain,17,12,29
m,larenz,17,12,29
m,trajan,17,12,29
m,xzavian,17,12,29
m,anselmo,16,13,29
m,antuan,16,13,29
m,azad,16,13,29
m,brodyn,16,13,29
m,jackston,16,13,29
m,kauan,16,13,29
m,michai,16,13,29
m,mychal,16,13,29
m,narayan,16,13,29
m,nesanel,16,13,29
m,oleg,16,13,29
m,omir,16,13,29
m,rhylen,16,13,29
m,sebastain,16,13,29
m,swayze,16,13,29
m,thai,16,13,29
m,vaden,16,13,29
m,artis,15,14,29
m,breckon,15,14,29
m,daymien,15,14,29
m,dorien,15,14,29
m,elis,15,14,29
m,greysin,15,14,29
m,haru,15,14,29
m,jazz,15,14,29
m,jeferson,15,14,29
m,keian,15,14,29
m,kort,15,14,29
m,renley,15,14,29
m,romario,15,14,29
m,zakk,15,14,29
m,zaniel,15,14,29
m,zoe,15,14,29
m,aadil,14,15,29
m,arhum,14,15,29
m,azarion,14,15,29
m,blu,14,15,29
m,calogero,14,15,29
m,chaston,14,15,29
m,greycen,14,15,29
m,jahmeir,14,15,29
m,jamian,14,15,29
m,maalik,14,15,29
m,maddock,14,15,29
m,majour,14,15,29
m,maximilien,14,15,29
m,nels,14,15,29
m,nicholi,14,15,29
m,niyam,14,15,29
m,peretz,14,15,29
m,rubens,14,15,29
m,tayte,14,15,29
m,vishal,14,15,29
m,yarel,14,15,29
m,yoni,14,15,29
m,yosiah,14,15,29
m,yves,14,15,29
m,zayven,14,15,29
m,aidenn,13,16,29
m,apollos,13,16,29
m,bannon,13,16,29
m,barrington,13,16,29
m,baylin,13,16,29
m,erian,13,16,29
m,gemini,13,16,29
m,jona,13,16,29
m,josean,13,16,29
m,kaedon,13,16,29
m,kanin,13,16,29
m,shilo,13,16,29
m,tayvin,13,16,29
m,azim,12,17,29
m,bastien,12,17,29
m,bora,12,17,29
m,ellijah,12,17,29
m,emmaus,12,17,29
m,finlee,12,17,29
m,gates,12,17,29
m,gatsby,12,17,29
m,hayzen,12,17,29
m,hazel,12,17,29
m,josey,12,17,29
m,korvin,12,17,29
m,mckenzie,12,17,29
m,adams,11,18,29
m,arsalan,11,18,29
m,bodin,11,18,29
m,caellum,11,18,29
m,colvin,11,18,29
m,dashon,11,18,29
m,eathan,11,18,29
m,elya,11,18,29
m,erikson,11,18,29
m,kenshin,11,18,29
m,leul,11,18,29
m,maicol,11,18,29
m,manoah,11,18,29
m,mega,11,18,29
m,rowin,11,18,29
m,thurman,11,18,29
m,treyvion,11,18,29
m,ziyan,11,18,29
m,romyn,10,19,29
m,avir,9,20,29
m,pinchos,9,20,29
m,jacek,8,21,29
f,dajah,21,7,28
f,isyss,20,8,28
f,abbagail,19,9,28
f,cashmere,19,9,28
f,lucila,19,9,28
f,morgen,19,9,28
f,shaylene,19,9,28
f,ameriah,18,10,28
f,delicia,18,10,28
f,deniya,18,10,28
f,diora,18,10,28
f,genna,18,10,28
f,teah,18,10,28
f,camrie,17,11,28
f,dalina,17,11,28
f,devine,17,11,28
f,electra,17,11,28
f,emiline,17,11,28
f,iyannah,17,11,28
f,korynn,17,11,28
f,maika,17,11,28
f,mili,17,11,28
f,nereida,17,11,28
f,oksana,17,11,28
f,saraiah,17,11,28
f,shyloh,17,11,28
f,abcde,16,12,28
f,ailah,16,12,28
f,akiyah,16,12,28
f,alianys,16,12,28
f,alyssah,16,12,28
f,ameris,16,12,28
f,aphrodite,16,12,28
f,emmakate,16,12,28
f,everli,16,12,28
f,jaelani,16,12,28
f,jordi,16,12,28
f,jorgia,16,12,28
f,kenzly,16,12,28
f,lanai,16,12,28
f,laysha,16,12,28
f,lovella,16,12,28
f,melaney,16,12,28
f,michell,16,12,28
f,noeli,16,12,28
f,nyx,16,12,28
f,rameen,16,12,28
f,reilynn,16,12,28
f,sativa,16,12,28
f,tiyanna,16,12,28
f,aara,15,13,28
f,aivy,15,13,28
f,alexsa,15,13,28
f,anel,15,13,28
f,ashna,15,13,28
f,bani,15,13,28
f,blessed,15,13,28
f,christopher,15,13,28
f,dhanya,15,13,28
f,erinn,15,13,28
f,hazley,15,13,28
f,jaysa,15,13,28
f,josiah,15,13,28
f,kayliah,15,13,28
f,kaytlyn,15,13,28
f,kenady,15,13,28
f,kinzee,15,13,28
f,kynnadi,15,13,28
f,leannah,15,13,28
f,leeanne,15,13,28
f,madlynn,15,13,28
f,mileah,15,13,28
f,nairi,15,13,28
f,peightyn,15,13,28
f,ramla,15,13,28
f,rhylynn,15,13,28
f,ryelynn,15,13,28
f,saanvika,15,13,28
f,savayah,15,13,28
f,soliyana,15,13,28
f,tenleigh,15,13,28
f,tera,15,13,28
f,whitleigh,15,13,28
f,adelyna,14,14,28
f,ahlaya,14,14,28
f,anouk,14,14,28
f,arfa,14,14,28
f,dallie,14,14,28
f,dezarae,14,14,28
f,jalaiyah,14,14,28
f,jameelah,14,14,28
f,keeli,14,14,28
f,keva,14,14,28
f,kyndra,14,14,28
f,lalah,14,14,28
f,noraa,14,14,28
f,xavia,14,14,28
f,zyrah,14,14,28
f,adryana,13,15,28
f,adylene,13,15,28
f,alivya,13,15,28
f,allysson,13,15,28
f,amar,13,15,28
f,ariahna,13,15,28
f,aryahi,13,15,28
f,aryssa,13,15,28
f,athea,13,15,28
f,delanee,13,15,28
f,dezi,13,15,28
f,diva,13,15,28
f,elysse,13,15,28
f,emelynn,13,15,28
f,emylia,13,15,28
f,iviana,13,15,28
f,janani,13,15,28
f,katriel,13,15,28
f,kayelynn,13,15,28
f,keiko,13,15,28
f,lailynn,13,15,28
f,lanay,13,15,28
f,lanora,13,15,28
f,layloni,13,15,28
f,lilyonna,13,15,28
f,lisamarie,13,15,28
f,mackensie,13,15,28
f,margret,13,15,28
f,masie,13,15,28
f,namine,13,15,28
f,narjis,13,15,28
f,porsha,13,15,28
f,ruhama,13,15,28
f,saloma,13,15,28
f,samhitha,13,15,28
f,tzirel,13,15,28
f,valen,13,15,28
f,vianne,13,15,28
f,amahia,12,16,28
f,ameliyah,12,16,28
f,amiliah,12,16,28
f,annais,12,16,28
f,ashia,12,16,28
f,avrielle,12,16,28
f,brentley,12,16,28
f,daja,12,16,28
f,faryn,12,16,28
f,freda,12,16,28
f,ireoluwa,12,16,28
f,jasani,12,16,28
f,kenlei,12,16,28
f,liany,12,16,28
f,linh,12,16,28
f,matti,12,16,28
f,rebekkah,12,16,28
f,saara,12,16,28
f,zamyra,12,16,28
f,addisynn,11,17,28
f,anaaya,11,17,28
f,ashira,11,17,28
f,devika,11,17,28
f,kamren,11,17,28
f,kataleah,11,17,28
f,kenedy,11,17,28
f,kiari,11,17,28
f,laelia,11,17,28
f,maryiah,11,17,28
f,nefertiti,11,17,28
f,onika,11,17,28
f,roseanne,11,17,28
f,ruweyda,11,17,28
f,rynlee,11,17,28
f,sidrah,11,17,28
f,varvara,11,17,28
f,aarianna,10,18,28
f,finlay,10,18,28
f,magda,10,18,28
f,nyari,10,18,28
f,nyema,10,18,28
f,reigan,10,18,28
f,zanovia,10,18,28
f,hebe,9,19,28
f,raphaela,9,19,28
f,johari,8,20,28
f,kayonna,8,20,28
f,marylynn,8,20,28
f,moriyah,8,20,28
f,ellenore,7,21,28
f,aima,6,22,28
f,jazara,6,22,28
f,westyn,6,22,28
m,raquan,22,6,28
m,huy,21,7,28
m,braelon,20,8,28
m,edinson,20,8,28
m,jerico,20,8,28
m,albin,19,9,28
m,gabryel,19,9,28
m,keshon,19,9,28
m,londen,19,9,28
m,sebastion,19,9,28
m,yohann,19,9,28
m,azel,18,10,28
m,havish,18,10,28
m,kaedin,18,10,28
m,kelsey,18,10,28
m,neven,18,10,28
m,olaf,18,10,28
m,promise,18,10,28
m,raif,18,10,28
m,rees,18,10,28
m,shaheer,18,10,28
m,yeriel,18,10,28
m,aalijah,17,11,28
m,amori,17,11,28
m,caeson,17,11,28
m,corde,17,11,28
m,demetric,17,11,28
m,gunter,17,11,28
m,jedd,17,11,28
m,kaiel,17,11,28
m,kalix,17,11,28
m,kaveon,17,11,28
m,mang,17,11,28
m,aidon,16,12,28
m,anvay,16,12,28
m,baylon,16,12,28
m,chuck,16,12,28
m,duvid,16,12,28
m,gracyn,16,12,28
m,jamonte,16,12,28
m,jashan,16,12,28
m,kesean,16,12,28
m,missael,16,12,28
m,naseer,16,12,28
m,oslo,16,12,28
m,percival,16,12,28
m,rodriquez,16,12,28
m,trayveon,16,12,28
m,tymon,16,12,28
m,ahan,15,13,28
m,barnabas,15,13,28
m,braelin,15,13,28
m,eusebio,15,13,28
m,faheem,15,13,28
m,gregg,15,13,28
m,henrique,15,13,28
m,jorian,15,13,28
m,kervin,15,13,28
m,kimoni,15,13,28
m,konstantine,15,13,28
m,maahir,15,13,28
m,naif,15,13,28
m,nox,15,13,28
m,obie,15,13,28
m,raja,15,13,28
m,terrick,15,13,28
m,tri,15,13,28
m,trinton,15,13,28
m,urias,15,13,28
m,aidin,14,14,28
m,azaria,14,14,28
m,brailen,14,14,28
m,gurveer,14,14,28
m,islam,14,14,28
m,kahmari,14,14,28
m,kassidy,14,14,28
m,kaycee,14,14,28
m,macarthur,14,14,28
m,munachimso,14,14,28
m,pharrell,14,14,28
m,ruvim,14,14,28
m,shae,14,14,28
m,taegan,14,14,28
m,tahmid,14,14,28
m,tait,14,14,28
m,tracey,14,14,28
m,traxton,14,14,28
m,ammaar,13,15,28
m,ariv,13,15,28
m,aysen,13,15,28
m,bowyn,13,15,28
m,demaryius,13,15,28
m,drevon,13,15,28
m,echo,13,15,28
m,emon,13,15,28
m,jedaiah,13,15,28
m,jibran,13,15,28
m,joni,13,15,28
m,jullien,13,15,28
m,kaiyden,13,15,28
m,kasra,13,15,28
m,keldon,13,15,28
m,kieron,13,15,28
m,norrin,13,15,28
m,sevin,13,15,28
m,stan,13,15,28
m,zaelyn,13,15,28
m,aeon,12,16,28
m,arash,12,16,28
m,benjamyn,12,16,28
m,deontre,12,16,28
m,drue,12,16,28
m,filippo,12,16,28
m,grayton,12,16,28
m,hawke,12,16,28
m,hayk,12,16,28
m,jamis,12,16,28
m,jhalil,12,16,28
m,kaidin,12,16,28
m,kimball,12,16,28
m,kwabena,12,16,28
m,lyman,12,16,28
m,mattheo,12,16,28
m,oakes,12,16,28
m,olson,12,16,28
m,osborn,12,16,28
m,ramesses,12,16,28
m,theon,12,16,28
m,akio,11,17,28
m,andrea,11,17,28
m,davaughn,11,17,28
m,ege,11,17,28
m,elier,11,17,28
m,khalel,11,17,28
m,kymoni,11,17,28
m,leron,11,17,28
m,matei,11,17,28
m,naetochukwu,11,17,28
m,rayson,11,17,28
m,yassir,11,17,28
m,abishai,10,18,28
m,ami,10,18,28
m,emma,10,18,28
m,harlee,10,18,28
m,icarus,10,18,28
m,minato,10,18,28
m,aadhvik,9,19,28
m,lemar,9,19,28
m,mubashir,9,19,28
m,remus,9,19,28
m,ruthvik,9,19,28
m,divit,8,20,28
m,prayan,7,21,28
m,santo,7,21,28
m,wesly,7,21,28
m,waris,6,22,28
m,muadh,5,23,28
f,venessa,21,6,27
f,sherlin,20,7,27
f,minah,19,8,27
f,alyn,18,9,27
f,baby,18,9,27
f,brayli,18,9,27
f,crista,18,9,27
f,cyncere,18,9,27
f,devanie,18,9,27
f,honest,18,9,27
f,jaeliana,18,9,27
f,lariya,18,9,27
f,lidya,18,9,27
f,adalaya,17,10,27
f,allizon,17,10,27
f,ashtin,17,10,27
f,ayriana,17,10,27
f,brody,17,10,27
f,decklyn,17,10,27
f,jennika,17,10,27
f,kailan,17,10,27
f,karmah,17,10,27
f,kyrsten,17,10,27
f,lydiann,17,10,27
f,miyonna,17,10,27
f,myana,17,10,27
f,reagyn,17,10,27
f,riham,17,10,27
f,yachet,17,10,27
f,amberleigh,16,11,27
f,arabel,16,11,27
f,avarae,16,11,27
f,bayler,16,11,27
f,beckham,16,11,27
f,carolann,16,11,27
f,daleisa,16,11,27
f,elianys,16,11,27
f,illyanna,16,11,27
f,kariana,16,11,27
f,kelaiah,16,11,27
f,keyani,16,11,27
f,mairany,16,11,27
f,malaak,16,11,27
f,maribeth,16,11,27
f,mckenley,16,11,27
f,mushka,16,11,27
f,pennie,16,11,27
f,rhilee,16,11,27
f,samyia,16,11,27
f,tarynn,16,11,27
f,vani,16,11,27
f,zairah,16,11,27
f,abigal,15,12,27
f,adeola,15,12,27
f,annalisse,15,12,27
f,aribelle,15,12,27
f,azalynn,15,12,27
f,breena,15,12,27
f,caisley,15,12,27
f,caralynn,15,12,27
f,catie,15,12,27
f,cortney,15,12,27
f,daliana,15,12,27
f,devani,15,12,27
f,fariha,15,12,27
f,kaisyn,15,12,27
f,mailee,15,12,27
f,maleiah,15,12,27
f,matthew,15,12,27
f,mikiyah,15,12,27
f,milica,15,12,27
f,nahlia,15,12,27
f,naiyana,15,12,27
f,novia,15,12,27
f,nuvia,15,12,27
f,omari,15,12,27
f,paeton,15,12,27
f,scottlynn,15,12,27
f,skylinn,15,12,27
f,starlet,15,12,27
f,tamyra,15,12,27
f,teghan,15,12,27
f,zayli,15,12,27
f,adryanna,14,13,27
f,aemilia,14,13,27
f,alika,14,13,27
f,anise,14,13,27
f,aytana,14,13,27
f,bellany,14,13,27
f,dalani,14,13,27
f,danaya,14,13,27
f,dash,14,13,27
f,demari,14,13,27
f,deriyah,14,13,27
f,dhanvi,14,13,27
f,dreama,14,13,27
f,haizel,14,13,27
f,janea,14,13,27
f,jazmarie,14,13,27
f,katerine,14,13,27
f,khalilah,14,13,27
f,kynlei,14,13,27
f,lizet,14,13,27
f,mahika,14,13,27
f,maziyah,14,13,27
f,myranda,14,13,27
f,naavya,14,13,27
f,nakshatra,14,13,27
f,nolyn,14,13,27
f,raniah,14,13,27
f,siona,14,13,27
f,smriti,14,13,27
f,soniya,14,13,27
f,zenna,14,13,27
f,adaleen,13,14,27
f,ahmia,13,14,27
f,alonni,13,14,27
f,amarri,13,14,27
f,analina,13,14,27
f,annaya,13,14,27
f,averyana,13,14,27
f,damaria,13,14,27
f,graziella,13,14,27
f,hajra,13,14,27
f,ilia,13,14,27
f,iliyah,13,14,27
f,jaeleigh,13,14,27
f,kylani,13,14,27
f,millee,13,14,27
f,phenix,13,14,27
f,rainie,13,14,27
f,reata,13,14,27
f,shaylah,13,14,27
f,shifa,13,14,27
f,torrance,13,14,27
f,zylee,13,14,27
f,aamilah,12,15,27
f,addalyne,12,15,27
f,akina,12,15,27
f,bora,12,15,27
f,carah,12,15,27
f,chayce,12,15,27
f,dahiana,12,15,27
f,daleah,12,15,27
f,deklynn,12,15,27
f,denae,12,15,27
f,eleonor,12,15,27
f,emillie,12,15,27
f,islay,12,15,27
f,jolin,12,15,27
f,ottilie,12,15,27
f,rainbow,12,15,27
f,raynah,12,15,27
f,samuel,12,15,27
f,sanika,12,15,27
f,sargun,12,15,27
f,tulsi,12,15,27
f,xochilt,12,15,27
f,zariana,12,15,27
f,aaleah,11,16,27
f,amiria,11,16,27
f,avaiah,11,16,27
f,berit,11,16,27
f,delaila,11,16,27
f,estee,11,16,27
f,jisselle,11,16,27
f,jonathan,11,16,27
f,mahima,11,16,27
f,man,11,16,27
f,mily,11,16,27
f,prisca,11,16,27
f,raia,11,16,27
f,reia,11,16,27
f,rianne,11,16,27
f,sedra,11,16,27
f,sukhmani,11,16,27
f,xylah,11,16,27
f,yeshia,11,16,27
f,alera,10,17,27
f,evanie,10,17,27
f,jannelle,10,17,27
f,lyda,10,17,27
f,marycatherine,10,17,27
f,midori,10,17,27
f,samera,10,17,27
f,siddhi,10,17,27
f,vayla,10,17,27
f,wyllow,10,17,27
f,zhara,10,17,27
f,dhruvi,9,18,27
f,elenor,9,18,27
f,jaianna,9,18,27
f,emmalise,8,19,27
f,evonne,8,19,27
f,ilyssa,8,19,27
f,kobie,8,19,27
f,maleigh,8,19,27
f,nettie,8,19,27
f,adyline,7,20,27
f,kobe,7,20,27
f,nitara,7,20,27
f,novalyn,7,20,27
f,brett,5,22,27
f,jeily,5,22,27
m,colyn,20,7,27
m,drexel,20,7,27
m,thoryn,19,8,27
m,trayton,19,8,27
m,tyon,19,8,27
m,adlai,18,9,27
m,alban,18,9,27
m,donell,18,9,27
m,frederik,18,9,27
m,garin,18,9,27
m,jeromy,18,9,27
m,millan,18,9,27
m,symir,18,9,27
m,avaneesh,17,10,27
m,daimon,17,10,27
m,giovannie,17,10,27
m,haseeb,17,10,27
m,ibn,17,10,27
m,kyce,17,10,27
m,marin,17,10,27
m,ned,17,10,27
m,nihaal,17,10,27
m,quintrell,17,10,27
m,salmaan,17,10,27
m,shem,17,10,27
m,akbar,16,11,27
m,alazar,16,11,27
m,avraj,16,11,27
m,brek,16,11,27
m,gabrielle,16,11,27
m,haytham,16,11,27
m,inigo,16,11,27
m,jamiere,16,11,27
m,japhet,16,11,27
m,javante,16,11,27
m,lio,16,11,27
m,marquette,16,11,27
m,shaquan,16,11,27
m,tal,16,11,27
m,taurus,16,11,27
m,toma,16,11,27
m,caidan,15,12,27
m,cruise,15,12,27
m,dayden,15,12,27
m,desmon,15,12,27
m,emersyn,15,12,27
m,jaisen,15,12,27
m,jayshaun,15,12,27
m,jhonathan,15,12,27
m,kendrell,15,12,27
m,lambert,15,12,27
m,nain,15,12,27
m,pratik,15,12,27
m,ralston,15,12,27
m,ryman,15,12,27
m,shaine,15,12,27
m,silus,15,12,27
m,trip,15,12,27
m,whyatt,15,12,27
m,xzayvion,15,12,27
m,zeplin,15,12,27
m,zuri,15,12,27
m,zyron,15,12,27
m,abhi,14,13,27
m,bob,14,13,27
m,brick,14,13,27
m,daelen,14,13,27
m,donivan,14,13,27
m,jazper,14,13,27
m,kano,14,13,27
m,kashis,14,13,27
m,kaspian,14,13,27
m,kieren,14,13,27
m,kirkland,14,13,27
m,malikhi,14,13,27
m,marquese,14,13,27
m,mourad,14,13,27
m,nochum,14,13,27
m,oluwadamilare,14,13,27
m,osama,14,13,27
m,osmin,14,13,27
m,sayan,14,13,27
m,stephano,14,13,27
m,stevenson,14,13,27
m,tadashi,14,13,27
m,terrill,14,13,27
m,warrick,14,13,27
m,xerxes,14,13,27
m,asser,13,14,27
m,bader,13,14,27
m,chancelor,13,14,27
m,eliakim,13,14,27
m,grainger,13,14,27
m,grantley,13,14,27
m,izayiah,13,14,27
m,jacque,13,14,27
m,jaret,13,14,27
m,jazion,13,14,27
m,kalev,13,14,27
m,kamen,13,14,27
m,messi,13,14,27
m,mose,13,14,27
m,ramzy,13,14,27
m,shareef,13,14,27
m,taji,13,14,27
m,vallen,13,14,27
m,wright,13,14,27
m,wyeth,13,14,27
m,ahmere,12,15,27
m,bristol,12,15,27
m,chevelle,12,15,27
m,courage,12,15,27
m,daryan,12,15,27
m,guilherme,12,15,27
m,kaid,12,15,27
m,ladon,12,15,27
m,markis,12,15,27
m,montavious,12,15,27
m,neizan,12,15,27
m,ramadan,12,15,27
m,ryson,12,15,27
m,schneider,12,15,27
m,tywan,12,15,27
m,zael,12,15,27
m,advit,11,16,27
m,cane,11,16,27
m,dominiq,11,16,27
m,ezreal,11,16,27
m,henning,11,16,27
m,jessejames,11,16,27
m,jiyaan,11,16,27
m,lorenz,11,16,27
m,milos,11,16,27
m,nicky,11,16,27
m,olvin,11,16,27
m,sayid,11,16,27
m,zyhir,11,16,27
m,abijah,10,17,27
m,adley,10,17,27
m,alix,10,17,27
m,fawaz,10,17,27
m,jahmal,10,17,27
m,jayvier,10,17,27
m,lavi,10,17,27
m,markese,10,17,27
m,raiyan,10,17,27
m,raydel,10,17,27
m,reynolds,10,17,27
m,wrangler,10,17,27
m,aengus,9,18,27
m,anthonie,9,18,27
m,edrian,9,18,27
m,harlon,9,18,27
m,tyion,9,18,27
m,aceyn,8,19,27
m,barack,8,19,27
m,jalal,8,19,27
m,raegan,8,19,27
m,gerry,7,20,27
m,peace,7,20,27
m,kaleem,6,21,27
m,sparsh,6,21,27
m,kaion,5,22,27
f,daylynn,21,5,26
f,kina,20,6,26
f,demaria,19,7,26
f,karys,19,7,26
f,meiah,19,7,26
f,amarrah,18,8,26
f,ariyan,18,8,26
f,carmel,18,8,26
f,kirstyn,18,8,26
f,mariaclara,18,8,26
f,shailyn,18,8,26
f,yanessa,18,8,26
f,aeriana,17,9,26
f,alura,17,9,26
f,angelis,17,9,26
f,araiyah,17,9,26
f,arushi,17,9,26
f,christi,17,9,26
f,evelette,17,9,26
f,liliah,17,9,26
f,lynnae,17,9,26
f,milayna,17,9,26
f,sinclair,17,9,26
f,taygen,17,9,26
f,zarriah,17,9,26
f,alannie,16,10,26
f,alannis,16,10,26
f,amrita,16,10,26
f,annleigh,16,10,26
f,estephania,16,10,26
f,gibson,16,10,26
f,haniyah,16,10,26
f,ifrah,16,10,26
f,jayleah,16,10,26
f,kalenna,16,10,26
f,keilana,16,10,26
f,kimberlin,16,10,26
f,satori,16,10,26
f,shiann,16,10,26
f,shraddha,16,10,26
f,yisel,16,10,26
f,zainah,16,10,26
f,ahaana,15,11,26
f,ailana,15,11,26
f,audreyanna,15,11,26
f,brandie,15,11,26
f,camilia,15,11,26
f,cloie,15,11,26
f,dalena,15,11,26
f,damyah,15,11,26
f,emmamae,15,11,26
f,girl,15,11,26
f,havannah,15,11,26
f,julee,15,11,26
f,kamylah,15,11,26
f,keela,15,11,26
f,keyona,15,11,26
f,makia,15,11,26
f,mayzee,15,11,26
f,metztli,15,11,26
f,micaella,15,11,26
f,mikhaela,15,11,26
f,nijah,15,11,26
f,paysley,15,11,26
f,racquel,15,11,26
f,rayen,15,11,26
f,roselina,15,11,26
f,saavi,15,11,26
f,shailey,15,11,26
f,tinzley,15,11,26
f,adaleena,14,12,26
f,afomia,14,12,26
f,aislee,14,12,26
f,alveena,14,12,26
f,carsynn,14,12,26
f,dannah,14,12,26
f,elenna,14,12,26
f,erian,14,12,26
f,hermela,14,12,26
f,jamelia,14,12,26
f,janvi,14,12,26
f,kaisa,14,12,26
f,karrigan,14,12,26
f,kasidy,14,12,26
f,ketzaly,14,12,26
f,kimia,14,12,26
f,lashae,14,12,26
f,lucilla,14,12,26
f,mareli,14,12,26
f,maricarmen,14,12,26
f,naba,14,12,26
f,nayelie,14,12,26
f,nima,14,12,26
f,phinley,14,12,26
f,pietra,14,12,26
f,rakiyah,14,12,26
f,shams,14,12,26
f,shariya,14,12,26
f,stellah,14,12,26
f,sydnei,14,12,26
f,takara,14,12,26
f,tasmia,14,12,26
f,tynslee,14,12,26
f,videl,14,12,26
f,adlyn,13,13,26
f,adri,13,13,26
f,adrie,13,13,26
f,ahmiya,13,13,26
f,allayah,13,13,26
f,altair,13,13,26
f,ashlen,13,13,26
f,chyla,13,13,26
f,dutchess,13,13,26
f,dynasti,13,13,26
f,evangelene,13,13,26
f,kailen,13,13,26
f,kaleya,13,13,26
f,khamiyah,13,13,26
f,lalani,13,13,26
f,lynix,13,13,26
f,marwah,13,13,26
f,maxima,13,13,26
f,mazy,13,13,26
f,melena,13,13,26
f,meral,13,13,26
f,neeva,13,13,26
f,neriyah,13,13,26
f,ondine,13,13,26
f,pailynn,13,13,26
f,pearla,13,13,26
f,rosely,13,13,26
f,ruchel,13,13,26
f,scotti,13,13,26
f,seriah,13,13,26
f,takiya,13,13,26
f,tanyla,13,13,26
f,vidhi,13,13,26
f,zakira,13,13,26
f,zita,13,13,26
f,adalynd,12,14,26
f,aleece,12,14,26
f,anniah,12,14,26
f,bana,12,14,26
f,baylynn,12,14,26
f,brina,12,14,26
f,cally,12,14,26
f,darcey,12,14,26
f,dayonna,12,14,26
f,eleah,12,14,26
f,ghalia,12,14,26
f,giovana,12,14,26
f,haislee,12,14,26
f,kenlynn,12,14,26
f,khristian,12,14,26
f,kourtlynn,12,14,26
f,madyn,12,14,26
f,makai,12,14,26
f,marilena,12,14,26
f,merrill,12,14,26
f,oluwadamilola,12,14,26
f,rhylin,12,14,26
f,skylarr,12,14,26
f,tovah,12,14,26
f,aviendha,11,15,26
f,bailynn,11,15,26
f,bellami,11,15,26
f,catrina,11,15,26
f,daphnee,11,15,26
f,daveah,11,15,26
f,ekam,11,15,26
f,kaleiah,11,15,26
f,kathryne,11,15,26
f,kimmy,11,15,26
f,lama,11,15,26
f,lydian,11,15,26
f,maija,11,15,26
f,nissa,11,15,26
f,noble,11,15,26
f,nyelli,11,15,26
f,olina,11,15,26
f,rainee,11,15,26
f,sherly,11,15,26
f,yalena,11,15,26
f,adelheid,10,16,26
f,anaika,10,16,26
f,annaelle,10,16,26
f,arien,10,16,26
f,cana,10,16,26
f,honestee,10,16,26
f,kenyah,10,16,26
f,laelle,10,16,26
f,nidia,10,16,26
f,novi,10,16,26
f,renezmae,10,16,26
f,tyleigh,10,16,26
f,vitalia,10,16,26
f,adely,9,17,26
f,emmersen,9,17,26
f,espen,9,17,26
f,evani,9,17,26
f,freyah,9,17,26
f,hedy,9,17,26
f,jaycelyn,9,17,26
f,jernee,9,17,26
f,lorie,9,17,26
f,tehillah,9,17,26
f,viya,9,17,26
f,zabrina,9,17,26
f,adilynne,8,18,26
f,ailed,8,18,26
f,addaleigh,7,19,26
f,arshia,7,19,26
f,jamilet,7,19,26
f,jersi,7,19,26
f,mahlani,7,19,26
f,sophea,7,19,26
m,keir,21,5,26
m,brylee,20,6,26
m,feynman,20,6,26
m,abdulhadi,18,8,26
m,cannen,18,8,26
m,eriberto,18,8,26
m,johncarlos,18,8,26
m,sneijder,18,8,26
m,tobi,18,8,26
m,aaran,17,9,26
m,antonios,17,9,26
m,braxden,17,9,26
m,brevyn,17,9,26
m,danner,17,9,26
m,jaydrian,17,9,26
m,kaceton,17,9,26
m,malvin,17,9,26
m,shadrach,17,9,26
m,augusten,16,10,26
m,burhan,16,10,26
m,giulian,16,10,26
m,kenston,16,10,26
m,matthews,16,10,26
m,rexford,16,10,26
m,sarkis,16,10,26
m,sumner,16,10,26
m,thunder,16,10,26
m,aadarsh,15,11,26
m,amara,15,11,26
m,briston,15,11,26
m,camdin,15,11,26
m,chayden,15,11,26
m,cori,15,11,26
m,fedor,15,11,26
m,ivo,15,11,26
m,jasim,15,11,26
m,malichi,15,11,26
m,nickoli,15,11,26
m,righteous,15,11,26
m,stefanos,15,11,26
m,turki,15,11,26
m,yamin,15,11,26
m,yi,15,11,26
m,zaydenn,15,11,26
m,adeeb,14,12,26
m,alucard,14,12,26
m,archivaldo,14,12,26
m,avien,14,12,26
m,axiel,14,12,26
m,beniah,14,12,26
m,braxson,14,12,26
m,caylen,14,12,26
m,chatham,14,12,26
m,daevon,14,12,26
m,eluzer,14,12,26
m,farouk,14,12,26
m,jeovanni,14,12,26
m,julion,14,12,26
m,kashus,14,12,26
m,kemp,14,12,26
m,kensington,14,12,26
m,mavryk,14,12,26
m,miklo,14,12,26
m,milad,14,12,26
m,moosa,14,12,26
m,piper,14,12,26
m,qadir,14,12,26
m,seif,14,12,26
m,shahan,14,12,26
m,stafford,14,12,26
m,steffen,14,12,26
m,thorsten,14,12,26
m,trygve,14,12,26
m,tyrian,14,12,26
m,tywon,14,12,26
m,arad,13,13,26
m,areeb,13,13,26
m,aydrien,13,13,26
m,chasten,13,13,26
m,davy,13,13,26
m,eirik,13,13,26
m,ephram,13,13,26
m,evyn,13,13,26
m,general,13,13,26
m,jacksyn,13,13,26
m,jakyrie,13,13,26
m,kalon,13,13,26
m,keylen,13,13,26
m,koleton,13,13,26
m,mako,13,13,26
m,oluwadamilola,13,13,26
m,sanford,13,13,26
m,sequoia,13,13,26
m,shaheed,13,13,26
m,suhaan,13,13,26
m,tion,13,13,26
m,uthman,13,13,26
m,vuk,13,13,26
m,xaviar,13,13,26
m,bert,12,14,26
m,braxxton,12,14,26
m,calixto,12,14,26
m,constantin,12,14,26
m,dagoberto,12,14,26
m,dallan,12,14,26
m,dawid,12,14,26
m,dijon,12,14,26
m,donnovan,12,14,26
m,ireoluwa,12,14,26
m,kagan,12,14,26
m,kyrillos,12,14,26
m,makye,12,14,26
m,marsean,12,14,26
m,marvell,12,14,26
m,mickel,12,14,26
m,obaloluwa,12,14,26
m,raihan,12,14,26
m,taiyo,12,14,26
m,ade,11,15,26
m,denym,11,15,26
m,elyan,11,15,26
m,filiberto,11,15,26
m,fredric,11,15,26
m,hayven,11,15,26
m,jesaiah,11,15,26
m,kahaan,11,15,26
m,kaide,11,15,26
m,kaleth,11,15,26
m,kuzey,11,15,26
m,lavar,11,15,26
m,laythan,11,15,26
m,nayden,11,15,26
m,ronell,11,15,26
m,samael,11,15,26
m,viren,11,15,26
m,alastor,10,16,26
m,breydan,10,16,26
m,jayston,10,16,26
m,kayon,10,16,26
m,neziah,10,16,26
m,nithin,10,16,26
m,reegan,10,16,26
m,santi,10,16,26
m,varian,10,16,26
m,yuriel,10,16,26
m,zaiyden,10,16,26
m,zenon,10,16,26
m,amyr,9,17,26
m,cinch,9,17,26
m,graylon,9,17,26
m,million,9,17,26
m,samay,9,17,26
m,takumi,9,17,26
m,bravery,8,18,26
m,damone,8,18,26
m,kelechi,8,18,26
m,praneel,8,18,26
m,zorawar,8,18,26
m,aleksei,7,19,26
m,caspar,7,19,26
m,franko,6,20,26
f,aasiya,20,5,25
f,amariona,19,6,25
f,anneka,18,7,25
f,klea,18,7,25
f,montzerrat,18,7,25
f,sanam,18,7,25
f,alanny,17,8,25
f,aleyssa,17,8,25
f,baily,17,8,25
f,caira,17,8,25
f,canyon,17,8,25
f,felix,17,8,25
f,kenidee,17,8,25
f,ruwayda,17,8,25
f,airlie,16,9,25
f,aleecia,16,9,25
f,autymn,16,9,25
f,ayisha,16,9,25
f,breelle,16,9,25
f,briyah,16,9,25
f,evlyn,16,9,25
f,fathima,16,9,25
f,klani,16,9,25
f,malachi,16,9,25
f,meliana,16,9,25
f,neya,16,9,25
f,raelene,16,9,25
f,ralynn,16,9,25
f,saralyn,16,9,25
f,saryiah,16,9,25
f,sascha,16,9,25
f,shravya,16,9,25
f,temiloluwa,16,9,25
f,vidya,16,9,25
f,zenya,16,9,25
f,zuriyah,16,9,25
f,aamirah,15,10,25
f,abygale,15,10,25
f,adayah,15,10,25
f,addilynne,15,10,25
f,allyse,15,10,25
f,brayah,15,10,25
f,cathalina,15,10,25
f,elinore,15,10,25
f,emaree,15,10,25
f,emmory,15,10,25
f,iana,15,10,25
f,jordanna,15,10,25
f,kalii,15,10,25
f,kamarie,15,10,25
f,karcyn,15,10,25
f,kensly,15,10,25
f,mabelle,15,10,25
f,mazey,15,10,25
f,mishelle,15,10,25
f,myliah,15,10,25
f,nandi,15,10,25
f,raquelle,15,10,25
f,rebekka,15,10,25
f,reilyn,15,10,25
f,renesmay,15,10,25
f,shailee,15,10,25
f,shristi,15,10,25
f,starlett,15,10,25
f,su,15,10,25
f,sumayah,15,10,25
f,teyla,15,10,25
f,toryn,15,10,25
f,viva,15,10,25
f,aleta,14,11,25
f,analya,14,11,25
f,andilyn,14,11,25
f,apple,14,11,25
f,ashanty,14,11,25
f,aviv,14,11,25
f,blayklee,14,11,25
f,chevi,14,11,25
f,cheyanna,14,11,25
f,deziree,14,11,25
f,ellary,14,11,25
f,eniya,14,11,25
f,eriane,14,11,25
f,haelyn,14,11,25
f,janise,14,11,25
f,jannely,14,11,25
f,jaydyn,14,11,25
f,jessamine,14,11,25
f,joceline,14,11,25
f,kade,14,11,25
f,kodee,14,11,25
f,krithika,14,11,25
f,lamyia,14,11,25
f,lilja,14,11,25
f,meilanie,14,11,25
f,mylene,14,11,25
f,nasiah,14,11,25
f,rosamaria,14,11,25
f,saydi,14,11,25
f,shukri,14,11,25
f,sivan,14,11,25
f,stacia,14,11,25
f,sumeya,14,11,25
f,suvi,14,11,25
f,treazure,14,11,25
f,vienne,14,11,25
f,yamilett,14,11,25
f,zamyah,14,11,25
f,adabella,13,12,25
f,aidah,13,12,25
f,alleyah,13,12,25
f,amaryah,13,12,25
f,audria,13,12,25
f,averyanna,13,12,25
f,azaryah,13,12,25
f,benelli,13,12,25
f,caidyn,13,12,25
f,caleigha,13,12,25
f,collyn,13,12,25
f,deklyn,13,12,25
f,dillyn,13,12,25
f,ebba,13,12,25
f,elisabetta,13,12,25
f,ellianah,13,12,25
f,eylin,13,12,25
f,fatiha,13,12,25
f,gracelin,13,12,25
f,haydin,13,12,25
f,holden,13,12,25
f,jalicia,13,12,25
f,jocie,13,12,25
f,kalkidan,13,12,25
f,kayson,13,12,25
f,lenny,13,12,25
f,lera,13,12,25
f,liahna,13,12,25
f,lilymae,13,12,25
f,lisset,13,12,25
f,lorelle,13,12,25
f,makynli,13,12,25
f,manuella,13,12,25
f,marti,13,12,25
f,neilani,13,12,25
f,nita,13,12,25
f,paysen,13,12,25
f,rilynne,13,12,25
f,samiha,13,12,25
f,seleste,13,12,25
f,sophiarose,13,12,25
f,sue,13,12,25
f,zelma,13,12,25
f,aanshi,12,13,25
f,aubreyana,12,13,25
f,avira,12,13,25
f,bailie,12,13,25
f,beauty,12,13,25
f,danasia,12,13,25
f,daytona,12,13,25
f,emalia,12,13,25
f,esraa,12,13,25
f,fareedah,12,13,25
f,glendy,12,13,25
f,irais,12,13,25
f,jaydence,12,13,25
f,juelz,12,13,25
f,kamile,12,13,25
f,krissy,12,13,25
f,lumi,12,13,25
f,mar,12,13,25
f,marielys,12,13,25
f,meleana,12,13,25
f,petrona,12,13,25
f,pragya,12,13,25
f,pricilla,12,13,25
f,quinlynn,12,13,25
f,robynn,12,13,25
f,safira,12,13,25
f,shadia,12,13,25
f,stellarose,12,13,25
f,takayla,12,13,25
f,vianca,12,13,25
f,zelina,12,13,25
f,zorah,12,13,25
f,cece,11,14,25
f,charlestyn,11,14,25
f,coriana,11,14,25
f,cory,11,14,25
f,dakayla,11,14,25
f,darielys,11,14,25
f,dominga,11,14,25
f,eliannah,11,14,25
f,genessa,11,14,25
f,ilham,11,14,25
f,jaanvi,11,14,25
f,jamylah,11,14,25
f,judi,11,14,25
f,kairah,11,14,25
f,karima,11,14,25
f,kharis,11,14,25
f,lauriel,11,14,25
f,lillien,11,14,25
f,maraki,11,14,25
f,mariyam,11,14,25
f,nikoletta,11,14,25
f,olamide,11,14,25
f,suki,11,14,25
f,surina,11,14,25
f,zhane,11,14,25
f,adaira,10,15,25
f,airyanna,10,15,25
f,alayja,10,15,25
f,andrew,10,15,25
f,arpi,10,15,25
f,cera,10,15,25
f,emilea,10,15,25
f,harmani,10,15,25
f,jamani,10,15,25
f,jerusalem,10,15,25
f,kaelie,10,15,25
f,karolyne,10,15,25
f,kingston,10,15,25
f,linette,10,15,25
f,pola,10,15,25
f,reniya,10,15,25
f,ruari,10,15,25
f,sabria,10,15,25
f,tahiri,10,15,25
f,tehani,10,15,25
f,yulieth,10,15,25
f,zyan,10,15,25
f,zyiah,10,15,25
f,agata,9,16,25
f,ameri,9,16,25
f,arrayah,9,16,25
f,charles,9,16,25
f,charlii,9,16,25
f,cicely,9,16,25
f,danelle,9,16,25
f,demoni,9,16,25
f,keylani,9,16,25
f,maelin,9,16,25
f,mame,9,16,25
f,mellie,9,16,25
f,sabiha,9,16,25
f,saliha,9,16,25
f,tomi,9,16,25
f,venna,9,16,25
f,vivica,9,16,25
f,yaira,9,16,25
f,yilia,9,16,25
f,dovie,8,17,25
f,ellanie,8,17,25
f,hikari,8,17,25
f,maevyn,8,17,25
f,marcelle,8,17,25
f,mercer,8,17,25
f,radley,8,17,25
f,reyah,8,17,25
f,rickie,8,17,25
f,rosselyn,8,17,25
f,saleena,8,17,25
f,seline,8,17,25
f,takiyah,8,17,25
f,anthonella,7,18,25
f,asani,7,18,25
f,ellina,7,18,25
f,korryn,7,18,25
f,lindyn,7,18,25
f,zaiyah,7,18,25
f,jasiri,6,19,25
f,reeya,6,19,25
f,greicy,5,20,25
m,adrean,19,6,25
m,evrett,18,7,25
m,petros,18,7,25
m,dmarcus,17,8,25
m,evelyn,17,8,25
m,isaia,17,8,25
m,tuvia,17,8,25
m,alem,16,9,25
m,arias,16,9,25
m,aveon,16,9,25
m,calel,16,9,25
m,conrado,16,9,25
m,damiano,16,9,25
m,donaven,16,9,25
m,jabir,16,9,25
m,jamarr,16,9,25
m,krosby,16,9,25
m,landynn,16,9,25
m,lynn,16,9,25
m,malekai,16,9,25
m,rohin,16,9,25
m,samanyu,16,9,25
m,thierno,16,9,25
m,brenten,15,10,25
m,fadi,15,10,25
m,hazem,15,10,25
m,imraan,15,10,25
m,johnmark,15,10,25
m,kaj,15,10,25
m,keishawn,15,10,25
m,kypton,15,10,25
m,matisse,15,10,25
m,neeko,15,10,25
m,rilyn,15,10,25
m,sinan,15,10,25
m,tyger,15,10,25
m,yida,15,10,25
m,arnaldo,14,11,25
m,beren,14,11,25
m,chrystian,14,11,25
m,crockett,14,11,25
m,daking,14,11,25
m,dalon,14,11,25
m,dayshawn,14,11,25
m,denzell,14,11,25
m,drelyn,14,11,25
m,ellery,14,11,25
m,izen,14,11,25
m,jadan,14,11,25
m,jermari,14,11,25
m,johnanthony,14,11,25
m,kaeo,14,11,25
m,kendale,14,11,25
m,kirubel,14,11,25
m,maliek,14,11,25
m,marshon,14,11,25
m,maze,14,11,25
m,nekoda,14,11,25
m,odinn,14,11,25
m,sabino,14,11,25
m,shahid,14,11,25
m,symon,14,11,25
m,tobenna,14,11,25
m,tresean,14,11,25
m,xayne,14,11,25
m,xian,14,11,25
m,xzavien,14,11,25
m,yomar,14,11,25
m,antonius,13,12,25
m,bradan,13,12,25
m,brook,13,12,25
m,calem,13,12,25
m,carlitos,13,12,25
m,cordarius,13,12,25
m,danyal,13,12,25
m,daunte,13,12,25
m,dshawn,13,12,25
m,emarion,13,12,25
m,eris,13,12,25
m,griffith,13,12,25
m,ikechukwu,13,12,25
m,jaimeson,13,12,25
m,jovonni,13,12,25
m,kadan,13,12,25
m,kanton,13,12,25
m,leonidus,13,12,25
m,nur,13,12,25
m,sahid,13,12,25
m,shimshon,13,12,25
m,suliman,13,12,25
m,xyler,13,12,25
m,xzavior,13,12,25
m,yaxiel,13,12,25
m,yiannis,13,12,25
m,zahari,13,12,25
m,abdalla,12,13,25
m,aldous,12,13,25
m,amelio,12,13,25
m,aodhan,12,13,25
m,arlington,12,13,25
m,aseel,12,13,25
m,bingham,12,13,25
m,bran,12,13,25
m,cobain,12,13,25
m,dace,12,13,25
m,deakin,12,13,25
m,delfino,12,13,25
m,demontae,12,13,25
m,geraldo,12,13,25
m,hamed,12,13,25
m,hasnain,12,13,25
m,hazaiah,12,13,25
m,jahel,12,13,25
m,jonnathan,12,13,25
m,kanav,12,13,25
m,kymir,12,13,25
m,long,12,13,25
m,maki,12,13,25
m,oluwanifemi,12,13,25
m,orville,12,13,25
m,oxley,12,13,25
m,reddington,12,13,25
m,wally,12,13,25
m,xayvion,12,13,25
m,zhion,12,13,25
m,bralen,11,14,25
m,cartel,11,14,25
m,caydin,11,14,25
m,cyprian,11,14,25
m,erdem,11,14,25
m,evert,11,14,25
m,farris,11,14,25
m,florentino,11,14,25
m,iyan,11,14,25
m,jailyn,11,14,25
m,kaiyan,11,14,25
m,kohlton,11,14,25
m,maikel,11,14,25
m,nasiah,11,14,25
m,nilson,11,14,25
m,oberon,11,14,25
m,osmond,11,14,25
m,pavle,11,14,25
m,philopateer,11,14,25
m,samarion,11,14,25
m,tor,11,14,25
m,westly,11,14,25
m,windsor,11,14,25
m,zani,11,14,25
m,aki,10,15,25
m,amair,10,15,25
m,daishawn,10,15,25
m,damarri,10,15,25
m,fishel,10,15,25
m,fuad,10,15,25
m,grace,10,15,25
m,jaysiah,10,15,25
m,jeremiyah,10,15,25
m,khan,10,15,25
m,merit,10,15,25
m,messiyah,10,15,25
m,naquan,10,15,25
m,osiah,10,15,25
m,rourke,10,15,25
m,sy,10,15,25
m,syair,10,15,25
m,taevon,10,15,25
m,ahil,9,16,25
m,brenson,9,16,25
m,ezequias,9,16,25
m,frazier,9,16,25
m,halden,9,16,25
m,horatio,9,16,25
m,jaxxen,9,16,25
m,kaynan,9,16,25
m,nirav,9,16,25
m,jantzen,8,17,25
m,lam,8,17,25
m,mathayus,8,17,25
m,mivaan,8,17,25
m,rhonin,8,17,25
m,yann,8,17,25
m,joandry,7,18,25
m,weylin,7,18,25
m,askari,6,19,25
m,roni,6,19,25
m,taeden,5,20,25
f,geisha,18,6,24
f,alexzandra,17,7,24
f,jahliyah,17,7,24
f,japji,17,7,24
f,makhia,17,7,24
f,sierrah,17,7,24
f,vrinda,17,7,24
f,yazleen,17,7,24
f,adanya,16,8,24
f,arienne,16,8,24
f,brinlynn,16,8,24
f,cinthya,16,8,24
f,davionna,16,8,24
f,derricka,16,8,24
f,faythe,16,8,24
f,kaye,16,8,24
f,linzy,16,8,24
f,lucas,16,8,24
f,mizuki,16,8,24
f,saleah,16,8,24
f,solace,16,8,24
f,suraiya,16,8,24
f,tyrianna,16,8,24
f,zaliah,16,8,24
f,aasha,15,9,24
f,adasyn,15,9,24
f,alenah,15,9,24
f,amely,15,9,24
f,amisha,15,9,24
f,anani,15,9,24
f,audrinna,15,9,24
f,carmin,15,9,24
f,chrisley,15,9,24
f,ciela,15,9,24
f,devlyn,15,9,24
f,deyonna,15,9,24
f,deziray,15,9,24
f,folasade,15,9,24
f,hadlea,15,9,24
f,jadynn,15,9,24
f,jisele,15,9,24
f,kalen,15,9,24
f,keleigh,15,9,24
f,kentley,15,9,24
f,kiaya,15,9,24
f,laryssa,15,9,24
f,lunna,15,9,24
f,meghana,15,9,24
f,remas,15,9,24
f,ridhima,15,9,24
f,rinley,15,9,24
f,sulema,15,9,24
f,teyonna,15,9,24
f,yaneliz,15,9,24
f,yesly,15,9,24
f,avey,14,10,24
f,azula,14,10,24
f,camara,14,10,24
f,catalena,14,10,24
f,daylani,14,10,24
f,emie,14,10,24
f,emmalou,14,10,24
f,gena,14,10,24
f,ghazal,14,10,24
f,hampton,14,10,24
f,houston,14,10,24
f,inioluwa,14,10,24
f,jalaiya,14,10,24
f,jaleena,14,10,24
f,jissel,14,10,24
f,jozelyn,14,10,24
f,julieanne,14,10,24
f,karman,14,10,24
f,kynzi,14,10,24
f,leoni,14,10,24
f,letizia,14,10,24
f,lida,14,10,24
f,myelle,14,10,24
f,mylei,14,10,24
f,nicki,14,10,24
f,peyson,14,10,24
f,rosalba,14,10,24
f,ryenn,14,10,24
f,skylor,14,10,24
f,sonoma,14,10,24
f,symphoni,14,10,24
f,tahirah,14,10,24
f,tailor,14,10,24
f,teona,14,10,24
f,tris,14,10,24
f,tuleen,14,10,24
f,viona,14,10,24
f,waverley,14,10,24
f,wrenna,14,10,24
f,abena,13,11,24
f,afrah,13,11,24
f,angelyna,13,11,24
f,athziry,13,11,24
f,aunesti,13,11,24
f,avenly,13,11,24
f,braylinn,13,11,24
f,chaniya,13,11,24
f,cricket,13,11,24
f,cyanna,13,11,24
f,edeline,13,11,24
f,eilidh,13,11,24
f,emary,13,11,24
f,halona,13,11,24
f,hibba,13,11,24
f,ivania,13,11,24
f,iviona,13,11,24
f,jadie,13,11,24
f,jeanie,13,11,24
f,jenise,13,11,24
f,kaaliyah,13,11,24
f,kalyani,13,11,24
f,layliana,13,11,24
f,lizmarie,13,11,24
f,lyniah,13,11,24
f,lynnon,13,11,24
f,makala,13,11,24
f,maneh,13,11,24
f,maylea,13,11,24
f,meia,13,11,24
f,naveya,13,11,24
f,olanna,13,11,24
f,pascale,13,11,24
f,pema,13,11,24
f,pheonix,13,11,24
f,preslyn,13,11,24
f,renea,13,11,24
f,shaliyah,13,11,24
f,sybella,13,11,24
f,syrenity,13,11,24
f,talisha,13,11,24
f,tayanna,13,11,24
f,taylour,13,11,24
f,yaneisy,13,11,24
f,yosselin,13,11,24
f,ziyan,13,11,24
f,adaora,12,12,24
f,aftyn,12,12,24
f,ahriyah,12,12,24
f,ajanae,12,12,24
f,aleesha,12,12,24
f,anavi,12,12,24
f,annlee,12,12,24
f,apolonia,12,12,24
f,arshi,12,12,24
f,ashari,12,12,24
f,aslynn,12,12,24
f,aunisty,12,12,24
f,avrey,12,12,24
f,ayari,12,12,24
f,bailyn,12,12,24
f,blessings,12,12,24
f,catalea,12,12,24
f,catharine,12,12,24
f,claudette,12,12,24
f,dayleen,12,12,24
f,faelynn,12,12,24
f,haivyn,12,12,24
f,jaylina,12,12,24
f,jaymi,12,12,24
f,kamillah,12,12,24
f,kamyrah,12,12,24
f,kassiani,12,12,24
f,kierah,12,12,24
f,lanayah,12,12,24
f,lianny,12,12,24
f,lonnie,12,12,24
f,lyssa,12,12,24
f,madasyn,12,12,24
f,makyiah,12,12,24
f,mckynlie,12,12,24
f,mehr,12,12,24
f,naysha,12,12,24
f,nyima,12,12,24
f,reeve,12,12,24
f,reiley,12,12,24
f,renleigh,12,12,24
f,rithika,12,12,24
f,shruthi,12,12,24
f,sumayya,12,12,24
f,teighlor,12,12,24
f,tiegan,12,12,24
f,vihana,12,12,24
f,yvanna,12,12,24
f,abiha,11,13,24
f,akane,11,13,24
f,allora,11,13,24
f,alyla,11,13,24
f,alylah,11,13,24
f,aneli,11,13,24
f,cadie,11,13,24
f,california,11,13,24
f,daryn,11,13,24
f,daysia,11,13,24
f,donatella,11,13,24
f,emilija,11,13,24
f,illa,11,13,24
f,jailani,11,13,24
f,jenavie,11,13,24
f,kathrynn,11,13,24
f,kemper,11,13,24
f,kharter,11,13,24
f,khia,11,13,24
f,kiernan,11,13,24
f,kinzlie,11,13,24
f,konstantina,11,13,24
f,kylene,11,13,24
f,leland,11,13,24
f,leo,11,13,24
f,marily,11,13,24
f,melyna,11,13,24
f,merna,11,13,24
f,neko,11,13,24
f,neviah,11,13,24
f,niko,11,13,24
f,noha,11,13,24
f,oswin,11,13,24
f,taylinn,11,13,24
f,trystan,11,13,24
f,valyn,11,13,24
f,vi,11,13,24
f,vicki,11,13,24
f,yanni,11,13,24
f,yeilyn,11,13,24
f,alira,10,14,24
f,allis,10,14,24
f,averiana,10,14,24
f,corin,10,14,24
f,demia,10,14,24
f,duchess,10,14,24
f,elley,10,14,24
f,enola,10,14,24
f,grae,10,14,24
f,herlinda,10,14,24
f,jagger,10,14,24
f,janayla,10,14,24
f,kaylia,10,14,24
f,kayslee,10,14,24
f,kennley,10,14,24
f,kwynn,10,14,24
f,lilyanah,10,14,24
f,lorianne,10,14,24
f,maat,10,14,24
f,nishika,10,14,24
f,ruah,10,14,24
f,ryn,10,14,24
f,sonni,10,14,24
f,talina,10,14,24
f,trixie,10,14,24
f,abeeha,9,15,24
f,aidel,9,15,24
f,angelisse,9,15,24
f,ariann,9,15,24
f,avanthika,9,15,24
f,dalaysia,9,15,24
f,itzae,9,15,24
f,jalexa,9,15,24
f,jossalyn,9,15,24
f,kalaysia,9,15,24
f,karrie,9,15,24
f,katalea,9,15,24
f,kawthar,9,15,24
f,labella,9,15,24
f,larae,9,15,24
f,lynne,9,15,24
f,maimuna,9,15,24
f,renna,9,15,24
f,sanyla,9,15,24
f,xitlalli,9,15,24
f,amrit,8,16,24
f,analeya,8,16,24
f,athira,8,16,24
f,jenisis,8,16,24
f,kaydyn,8,16,24
f,zanayah,8,16,24
f,ziyonna,8,16,24
f,cannon,7,17,24
f,faduma,7,17,24
f,kasidee,7,17,24
f,keiana,7,17,24
f,kiyara,7,17,24
f,lucine,7,17,24
f,stephenie,7,17,24
f,yailin,7,17,24
f,yesli,7,17,24
f,aleesia,6,18,24
f,niyati,6,18,24
f,saia,6,18,24
f,brexlee,5,19,24
m,arnell,18,6,24
m,juniel,18,6,24
m,vitaliy,18,6,24
m,emily,17,7,24
m,jaquarius,17,7,24
m,kenniel,17,7,24
m,kishan,17,7,24
m,paiden,17,7,24
m,whitt,17,7,24
m,amoni,16,8,24
m,daud,16,8,24
m,jestin,16,8,24
m,keita,16,8,24
m,quentyn,16,8,24
m,raedyn,16,8,24
m,aaban,15,9,24
m,arlis,15,9,24
m,dhanvin,15,9,24
m,drey,15,9,24
m,faiz,15,9,24
m,jaye,15,9,24
m,jayzen,15,9,24
m,juda,15,9,24
m,juvenal,15,9,24
m,leshawn,15,9,24
m,markon,15,9,24
m,shuaib,15,9,24
m,ata,14,10,24
m,avyay,14,10,24
m,baran,14,10,24
m,berish,14,10,24
m,betzalel,14,10,24
m,dracen,14,10,24
m,froylan,14,10,24
m,jahzir,14,10,24
m,jaion,14,10,24
m,jonan,14,10,24
m,kaya,14,10,24
m,kelyn,14,10,24
m,keng,14,10,24
m,makani,14,10,24
m,oluwaferanmi,14,10,24
m,quint,14,10,24
m,raine,14,10,24
m,rollie,14,10,24
m,szymon,14,10,24
m,ulric,14,10,24
m,zayon,14,10,24
m,artyom,13,11,24
m,axten,13,11,24
m,cadan,13,11,24
m,crayton,13,11,24
m,delvon,13,11,24
m,eladio,13,11,24
m,eliav,13,11,24
m,foxx,13,11,24
m,haydin,13,11,24
m,hiroshi,13,11,24
m,izreal,13,11,24
m,jahmier,13,11,24
m,jorah,13,11,24
m,kasch,13,11,24
m,kimo,13,11,24
m,leiam,13,11,24
m,ozil,13,11,24
m,pheonix,13,11,24
m,quintavious,13,11,24
m,rahiem,13,11,24
m,roarke,13,11,24
m,shamel,13,11,24
m,sufian,13,11,24
m,travell,13,11,24
m,tynan,13,11,24
m,yandiel,13,11,24
m,yussef,13,11,24
m,alexandar,12,12,24
m,anzel,12,12,24
m,arish,12,12,24
m,biruk,12,12,24
m,bolton,12,12,24
m,bryor,12,12,24
m,dailen,12,12,24
m,everton,12,12,24
m,eymen,12,12,24
m,feras,12,12,24
m,hammad,12,12,24
m,hutchinson,12,12,24
m,ivy,12,12,24
m,izeyah,12,12,24
m,jmari,12,12,24
m,joakim,12,12,24
m,kamilo,12,12,24
m,lamine,12,12,24
m,leelynn,12,12,24
m,lofton,12,12,24
m,lynx,12,12,24
m,macai,12,12,24
m,malak,12,12,24
m,marik,12,12,24
m,merrik,12,12,24
m,mohamud,12,12,24
m,murtaza,12,12,24
m,myson,12,12,24
m,nazaire,12,12,24
m,reymond,12,12,24
m,sarvesh,12,12,24
m,stanislav,12,12,24
m,taryn,12,12,24
m,tylee,12,12,24
m,umer,12,12,24
m,yitzhak,12,12,24
m,yousaf,12,12,24
m,alexxander,11,13,24
m,alric,11,13,24
m,amrit,11,13,24
m,ansen,11,13,24
m,ausar,11,13,24
m,devontay,11,13,24
m,eldar,11,13,24
m,gildardo,11,13,24
m,idriss,11,13,24
m,jaccob,11,13,24
m,jacorian,11,13,24
m,jaire,11,13,24
m,jashua,11,13,24
m,jerimyah,11,13,24
m,july,11,13,24
m,kaedan,11,13,24
m,kainon,11,13,24
m,kassim,11,13,24
m,lindsey,11,13,24
m,meer,11,13,24
m,nehan,11,13,24
m,ranvir,11,13,24
m,saafir,11,13,24
m,audrick,10,14,24
m,dedric,10,14,24
m,ephrem,10,14,24
m,ivar,10,14,24
m,jahkeem,10,14,24
m,jayvyn,10,14,24
m,jewel,10,14,24
m,keanan,10,14,24
m,lafayette,10,14,24
m,lennin,10,14,24
m,les,10,14,24
m,nadim,10,14,24
m,saadiq,10,14,24
m,sakari,10,14,24
m,souleymane,10,14,24
m,stoney,10,14,24
m,taz,10,14,24
m,tobie,10,14,24
m,werner,10,14,24
m,weyland,10,14,24
m,zacharie,10,14,24
m,zayvien,10,14,24
m,aldrin,9,15,24
m,ariyon,9,15,24
m,eduar,9,15,24
m,kaio,9,15,24
m,kyeson,9,15,24
m,miro,9,15,24
m,mordche,9,15,24
m,nakota,9,15,24
m,savino,9,15,24
m,senay,9,15,24
m,takari,9,15,24
m,tipton,9,15,24
m,arye,8,16,24
m,chaseton,8,16,24
m,devaansh,8,16,24
m,epic,8,16,24
m,jac,8,16,24
m,nikolaj,8,16,24
m,wilkes,8,16,24
m,yates,8,16,24
m,iaan,7,17,24
m,jaeson,7,17,24
m,joandri,7,17,24
m,kaivon,7,17,24
m,motty,7,17,24
m,nation,7,17,24
m,omran,7,17,24
m,osinachi,7,17,24
m,ritter,7,17,24
m,vishwa,7,17,24
m,mansa,5,19,24
f,adalyna,17,6,23
f,alynn,17,6,23
f,betzabeth,17,6,23
f,eknoor,17,6,23
f,kabella,17,6,23
f,raelan,17,6,23
f,alys,16,7,23
f,amenah,16,7,23
f,aubreana,16,7,23
f,jehieli,16,7,23
f,lanea,16,7,23
f,lavayah,16,7,23
f,paisly,16,7,23
f,yakelin,16,7,23
f,annel,15,8,23
f,braylon,15,8,23
f,briann,15,8,23
f,coley,15,8,23
f,izzah,15,8,23
f,jazzalyn,15,8,23
f,jeniya,15,8,23
f,khalie,15,8,23
f,khilee,15,8,23
f,lilygrace,15,8,23
f,mitzy,15,8,23
f,rahima,15,8,23
f,samyrah,15,8,23
f,shailynn,15,8,23
f,shaleah,15,8,23
f,shasta,15,8,23
f,wiley,15,8,23
f,xolani,15,8,23
f,aarilyn,14,9,23
f,ahniyah,14,9,23
f,alliah,14,9,23
f,amparo,14,9,23
f,avriana,14,9,23
f,beya,14,9,23
f,dalissa,14,9,23
f,dominica,14,9,23
f,haile,14,9,23
f,jasnoor,14,9,23
f,joniyah,14,9,23
f,katina,14,9,23
f,kileigh,14,9,23
f,lorraina,14,9,23
f,my,14,9,23
f,nejla,14,9,23
f,serenitie,14,9,23
f,shamaya,14,9,23
f,talula,14,9,23
f,vashti,14,9,23
f,yaminah,14,9,23
f,zohar,14,9,23
f,zoii,14,9,23
f,alixandria,13,10,23
f,amarionna,13,10,23
f,anelisse,13,10,23
f,annasofia,13,10,23
f,aylana,13,10,23
f,aynslee,13,10,23
f,azariya,13,10,23
f,brenlynn,13,10,23
f,caniya,13,10,23
f,devanshi,13,10,23
f,dharma,13,10,23
f,dymond,13,10,23
f,fenna,13,10,23
f,fiza,13,10,23
f,jadalee,13,10,23
f,janilah,13,10,23
f,jaymarie,13,10,23
f,jesselle,13,10,23
f,jynesis,13,10,23
f,keelee,13,10,23
f,kinslei,13,10,23
f,laiana,13,10,23
f,lanyiah,13,10,23
f,madlyn,13,10,23
f,maelys,13,10,23
f,markie,13,10,23
f,marylee,13,10,23
f,mckensie,13,10,23
f,paislei,13,10,23
f,quincee,13,10,23
f,reigna,13,10,23
f,rishita,13,10,23
f,sadaf,13,10,23
f,taisha,13,10,23
f,tayonna,13,10,23
f,tricia,13,10,23
f,xinyi,13,10,23
f,yeimi,13,10,23
f,zariel,13,10,23
f,adriane,12,11,23
f,alaena,12,11,23
f,aleiza,12,11,23
f,anthony,12,11,23
f,aryiana,12,11,23
f,audyn,12,11,23
f,ayaka,12,11,23
f,calaya,12,11,23
f,chara,12,11,23
f,clea,12,11,23
f,daksha,12,11,23
f,elliyah,12,11,23
f,fadumo,12,11,23
f,geanna,12,11,23
f,halleigh,12,11,23
f,halli,12,11,23
f,hazen,12,11,23
f,isaac,12,11,23
f,jamilla,12,11,23
f,jennalee,12,11,23
f,kennah,12,11,23
f,kianni,12,11,23
f,koralee,12,11,23
f,lillieann,12,11,23
f,lynsey,12,11,23
f,makalyn,12,11,23
f,maxie,12,11,23
f,merlin,12,11,23
f,nimo,12,11,23
f,raseel,12,11,23
f,sabirin,12,11,23
f,sanyah,12,11,23
f,selenia,12,11,23
f,shantelle,12,11,23
f,sian,12,11,23
f,sicilia,12,11,23
f,skylen,12,11,23
f,taline,12,11,23
f,wynona,12,11,23
f,zellie,12,11,23
f,alissia,11,12,23
f,alyia,11,12,23
f,analayah,11,12,23
f,andelyn,11,12,23
f,angelene,11,12,23
f,aradhana,11,12,23
f,asli,11,12,23
f,corianna,11,12,23
f,danyella,11,12,23
f,emiliya,11,12,23
f,fleur,11,12,23
f,graclynn,11,12,23
f,hind,11,12,23
f,ismahan,11,12,23
f,jennavie,11,12,23
f,john,11,12,23
f,jolisa,11,12,23
f,joseph,11,12,23
f,journe,11,12,23
f,kalyna,11,12,23
f,karai,11,12,23
f,kimya,11,12,23
f,kitzia,11,12,23
f,kiyoko,11,12,23
f,linkyn,11,12,23
f,lylianna,11,12,23
f,lynna,11,12,23
f,madalyne,11,12,23
f,malissa,11,12,23
f,marysol,11,12,23
f,nahara,11,12,23
f,nea,11,12,23
f,nicky,11,12,23
f,nimco,11,12,23
f,rhyder,11,12,23
f,saddie,11,12,23
f,sahira,11,12,23
f,shalaya,11,12,23
f,sharleen,11,12,23
f,shealyn,11,12,23
f,smith,11,12,23
f,sonnie,11,12,23
f,tahari,11,12,23
f,tashi,11,12,23
f,teairra,11,12,23
f,umaiza,11,12,23
f,via,11,12,23
f,xandra,11,12,23
f,zahrah,11,12,23
f,adelae,10,13,23
f,adiba,10,13,23
f,adriella,10,13,23
f,aily,10,13,23
f,analiya,10,13,23
f,ashvika,10,13,23
f,dariella,10,13,23
f,diala,10,13,23
f,dmya,10,13,23
f,eirene,10,13,23
f,emiah,10,13,23
f,emilyrose,10,13,23
f,hadessah,10,13,23
f,javaeh,10,13,23
f,joory,10,13,23
f,joycelynn,10,13,23
f,julieana,10,13,23
f,kadee,10,13,23
f,khaylee,10,13,23
f,kye,10,13,23
f,lailyn,10,13,23
f,liviya,10,13,23
f,luisana,10,13,23
f,lun,10,13,23
f,maloni,10,13,23
f,marykatherine,10,13,23
f,mattingly,10,13,23
f,maysie,10,13,23
f,merelyn,10,13,23
f,miko,10,13,23
f,minsa,10,13,23
f,nabeeha,10,13,23
f,nazli,10,13,23
f,persephanie,10,13,23
f,secret,10,13,23
f,trinidad,10,13,23
f,venba,10,13,23
f,ziyanna,10,13,23
f,zykeria,10,13,23
f,ahliyah,9,14,23
f,airyana,9,14,23
f,alianny,9,14,23
f,aliviyah,9,14,23
f,aliyanah,9,14,23
f,amiaya,9,14,23
f,amonie,9,14,23
f,anella,9,14,23
f,arnika,9,14,23
f,aviyana,9,14,23
f,bette,9,14,23
f,dhwani,9,14,23
f,dim,9,14,23
f,elaya,9,14,23
f,farhiya,9,14,23
f,gabbriella,9,14,23
f,hayla,9,14,23
f,hooria,9,14,23
f,jimma,9,14,23
f,lakeyn,9,14,23
f,leta,9,14,23
f,lowen,9,14,23
f,mariposa,9,14,23
f,marvella,9,14,23
f,mililani,9,14,23
f,nickole,9,14,23
f,nohemy,9,14,23
f,nusrat,9,14,23
f,oluwasemilore,9,14,23
f,raziyah,9,14,23
f,riyanshi,9,14,23
f,royelle,9,14,23
f,sani,9,14,23
f,sokhna,9,14,23
f,sorayah,9,14,23
f,suzana,9,14,23
f,teddy,9,14,23
f,teia,9,14,23
f,viktoriya,9,14,23
f,yani,9,14,23
f,yemariam,9,14,23
f,zala,9,14,23
f,zarria,9,14,23
f,zoiey,9,14,23
f,diyora,8,15,23
f,jovee,8,15,23
f,kaylynne,8,15,23
f,kharisma,8,15,23
f,lenni,8,15,23
f,levy,8,15,23
f,mariaeduarda,8,15,23
f,mirakle,8,15,23
f,niala,8,15,23
f,sirenity,8,15,23
f,synthia,8,15,23
f,uriyah,8,15,23
f,vanshika,8,15,23
f,arelis,7,16,23
f,cairo,7,16,23
f,edelynn,7,16,23
f,elvie,7,16,23
f,giavanni,7,16,23
f,jamisen,7,16,23
f,khyra,7,16,23
f,menna,7,16,23
f,padme,7,16,23
f,wrenly,7,16,23
f,emerly,6,17,23
f,halston,6,17,23
f,laelyn,6,17,23
f,meiyah,6,17,23
f,mosley,5,18,23
f,rumaisa,5,18,23
m,derrian,17,6,23
m,lorne,17,6,23
m,matyas,17,6,23
m,yeiren,17,6,23
m,alejo,16,7,23
m,chinedu,16,7,23
m,dravyn,16,7,23
m,jacey,16,7,23
m,ranbir,16,7,23
m,smaran,16,7,23
m,aarion,15,8,23
m,arhan,15,8,23
m,chukwuebuka,15,8,23
m,haydyn,15,8,23
m,heron,15,8,23
m,hughes,15,8,23
m,izzac,15,8,23
m,jermel,15,8,23
m,toretto,15,8,23
m,yordi,15,8,23
m,arjuna,14,9,23
m,edder,14,9,23
m,enzio,14,9,23
m,esmond,14,9,23
m,ghazi,14,9,23
m,jakarri,14,9,23
m,jarret,14,9,23
m,javarious,14,9,23
m,jessen,14,9,23
m,johnathen,14,9,23
m,kailand,14,9,23
m,kamarri,14,9,23
m,makoto,14,9,23
m,yostin,14,9,23
m,zia,14,9,23
m,aimar,13,10,23
m,amiir,13,10,23
m,anhad,13,10,23
m,arrington,13,10,23
m,balthazar,13,10,23
m,bernabe,13,10,23
m,cadin,13,10,23
m,cope,13,10,23
m,daniele,13,10,23
m,fredrik,13,10,23
m,harman,13,10,23
m,haywood,13,10,23
m,javell,13,10,23
m,jaxzen,13,10,23
m,jeyren,13,10,23
m,jhayden,13,10,23
m,jshawn,13,10,23
m,keaston,13,10,23
m,lehi,13,10,23
m,louay,13,10,23
m,mahamed,13,10,23
m,marcoantonio,13,10,23
m,masson,13,10,23
m,mouhamadou,13,10,23
m,rashod,13,10,23
m,ruairi,13,10,23
m,rykker,13,10,23
m,samwise,13,10,23
m,traveon,13,10,23
m,vega,13,10,23
m,yannis,13,10,23
m,aithan,12,11,23
m,bowe,12,11,23
m,briceson,12,11,23
m,chadrick,12,11,23
m,czar,12,11,23
m,dreux,12,11,23
m,eames,12,11,23
m,grier,12,11,23
m,jahlani,12,11,23
m,jariah,12,11,23
m,joren,12,11,23
m,josian,12,11,23
m,kaymen,12,11,23
m,kentley,12,11,23
m,kmari,12,11,23
m,ladarrius,12,11,23
m,laurent,12,11,23
m,leib,12,11,23
m,lissandro,12,11,23
m,michoel,12,11,23
m,miken,12,11,23
m,nysir,12,11,23
m,rayshaun,12,11,23
m,shant,12,11,23
m,shooter,12,11,23
m,sneyder,12,11,23
m,tajh,12,11,23
m,vijay,12,11,23
m,wiliam,12,11,23
m,yaron,12,11,23
m,zaheer,12,11,23
m,zinedine,12,11,23
m,anastacio,11,12,23
m,angelgabriel,11,12,23
m,axil,11,12,23
m,brandy,11,12,23
m,cesare,11,12,23
m,constantino,11,12,23
m,dezi,11,12,23
m,duran,11,12,23
m,elson,11,12,23
m,eytan,11,12,23
m,ezeriah,11,12,23
m,fouad,11,12,23
m,imad,11,12,23
m,iran,11,12,23
m,jaicion,11,12,23
m,jaiveon,11,12,23
m,joon,11,12,23
m,julyan,11,12,23
m,kiing,11,12,23
m,kutler,11,12,23
m,kyros,11,12,23
m,mercy,11,12,23
m,nafis,11,12,23
m,papa,11,12,23
m,quamir,11,12,23
m,rishav,11,12,23
m,wisam,11,12,23
m,aemon,10,13,23
m,alesso,10,13,23
m,anis,10,13,23
m,ara,10,13,23
m,araf,10,13,23
m,baldemar,10,13,23
m,boyce,10,13,23
m,braison,10,13,23
m,cohan,10,13,23
m,dayten,10,13,23
m,derrik,10,13,23
m,giorgi,10,13,23
m,hyde,10,13,23
m,isadore,10,13,23
m,jacai,10,13,23
m,jaydence,10,13,23
m,kaegan,10,13,23
m,karma,10,13,23
m,kenyatta,10,13,23
m,martavius,10,13,23
m,quillan,10,13,23
m,raef,10,13,23
m,rahkeem,10,13,23
m,regis,10,13,23
m,savir,10,13,23
m,shubh,10,13,23
m,toney,10,13,23
m,zenith,10,13,23
m,zyden,10,13,23
m,zyheir,10,13,23
m,arkham,9,14,23
m,avon,9,14,23
m,ayuub,9,14,23
m,boss,9,14,23
m,eagan,9,14,23
m,gyan,9,14,23
m,izyan,9,14,23
m,jaevon,9,14,23
m,jassim,9,14,23
m,jonathen,9,14,23
m,kamel,9,14,23
m,kemon,9,14,23
m,luay,9,14,23
m,mahmood,9,14,23
m,mavryck,9,14,23
m,navraj,9,14,23
m,nilo,9,14,23
m,oluwaseyi,9,14,23
m,oneil,9,14,23
m,owynn,9,14,23
m,parris,9,14,23
m,pryor,9,14,23
m,revere,9,14,23
m,ryott,9,14,23
m,seyon,9,14,23
m,wassim,9,14,23
m,afnan,8,15,23
m,bracken,8,15,23
m,caulder,8,15,23
m,cayce,8,15,23
m,deleon,8,15,23
m,jahziah,8,15,23
m,miqueas,8,15,23
m,naser,8,15,23
m,nickson,8,15,23
m,olivia,8,15,23
m,roshawn,8,15,23
m,tommaso,8,15,23
m,tully,8,15,23
m,yona,8,15,23
m,afton,7,16,23
m,camillo,7,16,23
m,dravin,7,16,23
m,elizandro,7,16,23
m,rahsaan,7,16,23
m,rhen,7,16,23
m,jamesyn,6,17,23
f,shamia,17,5,22
f,aby,16,6,22
f,ameah,16,6,22
f,jalee,16,6,22
f,jona,16,6,22
f,lilleigh,16,6,22
f,nuriyah,16,6,22
f,nyjah,16,6,22
f,siah,16,6,22
f,angeliyah,15,7,22
f,babygirl,15,7,22
f,coretta,15,7,22
f,deaira,15,7,22
f,feather,15,7,22
f,gabbanelli,15,7,22
f,jasmeen,15,7,22
f,juri,15,7,22
f,kc,15,7,22
f,kinzy,15,7,22
f,lanyah,15,7,22
f,makynzee,15,7,22
f,pricila,15,7,22
f,shaylen,15,7,22
f,shterna,15,7,22
f,yoanna,15,7,22
f,amazing,14,8,22
f,andreana,14,8,22
f,arriyah,14,8,22
f,avamae,14,8,22
f,avis,14,8,22
f,ayame,14,8,22
f,bridgit,14,8,22
f,chessa,14,8,22
f,ciin,14,8,22
f,jazalyn,14,8,22
f,jenesys,14,8,22
f,keyasia,14,8,22
f,kiandra,14,8,22
f,kiely,14,8,22
f,latavia,14,8,22
f,lucrezia,14,8,22
f,lumina,14,8,22
f,mehreen,14,8,22
f,merrin,14,8,22
f,naliya,14,8,22
f,nayeliz,14,8,22
f,nohely,14,8,22
f,perpetua,14,8,22
f,raeanne,14,8,22
f,rainah,14,8,22
f,salima,14,8,22
f,simar,14,8,22
f,suhaila,14,8,22
f,teri,14,8,22
f,wallis,14,8,22
f,allaina,13,9,22
f,americus,13,9,22
f,andreia,13,9,22
f,ariyel,13,9,22
f,ayushi,13,9,22
f,bri,13,9,22
f,christella,13,9,22
f,dmiyah,13,9,22
f,gardenia,13,9,22
f,heran,13,9,22
f,ian,13,9,22
f,jamesha,13,9,22
f,joyelle,13,9,22
f,kaydi,13,9,22
f,kenzlei,13,9,22
f,leahna,13,9,22
f,loriann,13,9,22
f,mariem,13,9,22
f,miagrace,13,9,22
f,miakoda,13,9,22
f,nevah,13,9,22
f,nida,13,9,22
f,nusaiba,13,9,22
f,pixie,13,9,22
f,sadey,13,9,22
f,seema,13,9,22
f,semiyah,13,9,22
f,syria,13,9,22
f,tatym,13,9,22
f,zoraida,13,9,22
f,adilenne,12,10,22
f,adrien,12,10,22
f,ailis,12,10,22
f,amyri,12,10,22
f,analena,12,10,22
f,auriah,12,10,22
f,axel,12,10,22
f,cybil,12,10,22
f,darianny,12,10,22
f,dinora,12,10,22
f,dori,12,10,22
f,elianis,12,10,22
f,emilya,12,10,22
f,eveleen,12,10,22
f,giovanni,12,10,22
f,hila,12,10,22
f,jakya,12,10,22
f,jasiya,12,10,22
f,jennalyn,12,10,22
f,kaiulani,12,10,22
f,kaymarie,12,10,22
f,keatyn,12,10,22
f,keylie,12,10,22
f,khyleigh,12,10,22
f,kilani,12,10,22
f,lilinoe,12,10,22
f,loreli,12,10,22
f,lynzie,12,10,22
f,maaliyah,12,10,22
f,markella,12,10,22
f,mayerly,12,10,22
f,merit,12,10,22
f,meron,12,10,22
f,nadalyn,12,10,22
f,nailani,12,10,22
f,rhylen,12,10,22
f,rosalena,12,10,22
f,sakinah,12,10,22
f,scarlettrose,12,10,22
f,taaliyah,12,10,22
f,urvi,12,10,22
f,verenice,12,10,22
f,viyona,12,10,22
f,yuliza,12,10,22
f,zimal,12,10,22
f,zylie,12,10,22
f,aariel,11,11,22
f,addylynn,11,11,22
f,adena,11,11,22
f,adhvika,11,11,22
f,ahnna,11,11,22
f,alexcia,11,11,22
f,aubreyella,11,11,22
f,aunika,11,11,22
f,autumnrose,11,11,22
f,averleigh,11,11,22
f,averley,11,11,22
f,azaiah,11,11,22
f,breeana,11,11,22
f,caoimhe,11,11,22
f,carmelita,11,11,22
f,chidinma,11,11,22
f,clementina,11,11,22
f,danai,11,11,22
f,daziyah,11,11,22
f,deem,11,11,22
f,destine,11,11,22
f,elaria,11,11,22
f,elya,11,11,22
f,eriyanna,11,11,22
f,hamda,11,11,22
f,huntleigh,11,11,22
f,iley,11,11,22
f,imoni,11,11,22
f,izzabell,11,11,22
f,jaylei,11,11,22
f,jaylynne,11,11,22
f,jenova,11,11,22
f,jose,11,11,22
f,kailia,11,11,22
f,kamariah,11,11,22
f,katalena,11,11,22
f,kayleeann,11,11,22
f,ladonna,11,11,22
f,latasha,11,11,22
f,lexii,11,11,22
f,lilyahna,11,11,22
f,lilybelle,11,11,22
f,lyndsay,11,11,22
f,maezie,11,11,22
f,maleeha,11,11,22
f,mickey,11,11,22
f,miles,11,11,22
f,natalyah,11,11,22
f,onora,11,11,22
f,rand,11,11,22
f,rileyann,11,11,22
f,sahily,11,11,22
f,shelia,11,11,22
f,sohana,11,11,22
f,syrai,11,11,22
f,tarryn,11,11,22
f,temple,11,11,22
f,vannessa,11,11,22
f,vianny,11,11,22
f,yarah,11,11,22
f,zakaria,11,11,22
f,adelind,10,12,22
f,albina,10,12,22
f,analisse,10,12,22
f,angy,10,12,22
f,anisah,10,12,22
f,annahi,10,12,22
f,arlin,10,12,22
f,blu,10,12,22
f,breklyn,10,12,22
f,cadynce,10,12,22
f,cyniah,10,12,22
f,davy,10,12,22
f,eralynn,10,12,22
f,graham,10,12,22
f,gwendelyn,10,12,22
f,henry,10,12,22
f,johanny,10,12,22
f,kaelah,10,12,22
f,kayal,10,12,22
f,kenyatta,10,12,22
f,lenah,10,12,22
f,lilianah,10,12,22
f,liyla,10,12,22
f,liyu,10,12,22
f,lynnley,10,12,22
f,malaysha,10,12,22
f,noami,10,12,22
f,olivya,10,12,22
f,providence,10,12,22
f,raha,10,12,22
f,raynie,10,12,22
f,sui,10,12,22
f,yazlynn,10,12,22
f,yvaine,10,12,22
f,addalie,9,13,22
f,adell,9,13,22
f,akeira,9,13,22
f,anamta,9,13,22
f,anavey,9,13,22
f,ariellah,9,13,22
f,cydnee,9,13,22
f,dacey,9,13,22
f,dalayla,9,13,22
f,demetra,9,13,22
f,denasia,9,13,22
f,dion,9,13,22
f,dylynn,9,13,22
f,elis,9,13,22
f,elliet,9,13,22
f,gorgeous,9,13,22
f,harshini,9,13,22
f,hartlynn,9,13,22
f,iridessa,9,13,22
f,janielys,9,13,22
f,jerri,9,13,22
f,marayah,9,13,22
f,noralee,9,13,22
f,raahi,9,13,22
f,riven,9,13,22
f,romey,9,13,22
f,rosi,9,13,22
f,sabah,9,13,22
f,samayra,9,13,22
f,shulamis,9,13,22
f,sole,9,13,22
f,tiarra,9,13,22
f,trynity,9,13,22
f,vaanya,9,13,22
f,vika,9,13,22
f,willo,9,13,22
f,wylder,9,13,22
f,aadhira,8,14,22
f,aanaya,8,14,22
f,areeba,8,14,22
f,asees,8,14,22
f,averianna,8,14,22
f,coryn,8,14,22
f,dallys,8,14,22
f,davey,8,14,22
f,delaynee,8,14,22
f,erandy,8,14,22
f,gem,8,14,22
f,haylin,8,14,22
f,jaiyah,8,14,22
f,jolette,8,14,22
f,jurnie,8,14,22
f,kahliyah,8,14,22
f,kailany,8,14,22
f,kalana,8,14,22
f,kinda,8,14,22
f,kyilee,8,14,22
f,niveah,8,14,22
f,nohealani,8,14,22
f,novalei,8,14,22
f,ori,8,14,22
f,ryliee,8,14,22
f,yamilette,8,14,22
f,yaslyn,8,14,22
f,angelyne,7,15,22
f,aviyanna,7,15,22
f,azyiah,7,15,22
f,cecillia,7,15,22
f,elexia,7,15,22
f,garnet,7,15,22
f,ilya,7,15,22
f,jermiyah,7,15,22
f,kassi,7,15,22
f,kaysi,7,15,22
f,kingslee,7,15,22
f,laureen,7,15,22
f,lindi,7,15,22
f,sira,7,15,22
f,triana,7,15,22
f,valley,7,15,22
f,waylynn,7,15,22
f,yeily,7,15,22
f,alyanah,6,16,22
f,athaliah,6,16,22
f,kairee,6,16,22
f,prairie,6,16,22
f,romelia,6,16,22
f,rushika,6,16,22
f,astella,5,17,22
f,greisy,5,17,22
f,lunabelle,5,17,22
m,juno,16,6,22
m,maynard,16,6,22
m,patterson,16,6,22
m,akshat,15,7,22
m,aydien,15,7,22
m,cahlil,15,7,22
m,costa,15,7,22
m,holston,15,7,22
m,jaxzon,15,7,22
m,jencarlo,15,7,22
m,oluwatimilehin,15,7,22
m,patrik,15,7,22
m,pilot,15,7,22
m,taos,15,7,22
m,trooper,15,7,22
m,tyrik,15,7,22
m,zyere,15,7,22
m,andrian,14,8,22
m,aniketh,14,8,22
m,arihaan,14,8,22
m,avishai,14,8,22
m,balen,14,8,22
m,caeleb,14,8,22
m,chaysen,14,8,22
m,dillyn,14,8,22
m,erlin,14,8,22
m,fenris,14,8,22
m,finch,14,8,22
m,helaman,14,8,22
m,jemari,14,8,22
m,kanden,14,8,22
m,lean,14,8,22
m,maxamillion,14,8,22
m,oberyn,14,8,22
m,refael,14,8,22
m,ruari,14,8,22
m,srikar,14,8,22
m,tatem,14,8,22
m,tavis,14,8,22
m,tevon,14,8,22
m,yetzael,14,8,22
m,adryel,13,9,22
m,ayaz,13,9,22
m,criss,13,9,22
m,dameer,13,9,22
m,deston,13,9,22
m,fadel,13,9,22
m,faron,13,9,22
m,florencio,13,9,22
m,hermes,13,9,22
m,izack,13,9,22
m,jerrett,13,9,22
m,justino,13,9,22
m,khoa,13,9,22
m,kincaid,13,9,22
m,krystopher,13,9,22
m,lakoda,13,9,22
m,maxxwell,13,9,22
m,park,13,9,22
m,sho,13,9,22
m,tex,13,9,22
m,yvan,13,9,22
m,alvino,12,10,22
m,arif,12,10,22
m,aydden,12,10,22
m,babacar,12,10,22
m,brighten,12,10,22
m,chanze,12,10,22
m,chibuikem,12,10,22
m,christion,12,10,22
m,daman,12,10,22
m,darris,12,10,22
m,deryk,12,10,22
m,destry,12,10,22
m,doyle,12,10,22
m,elek,12,10,22
m,jahmar,12,10,22
m,jamien,12,10,22
m,jarin,12,10,22
m,jaryn,12,10,22
m,javiel,12,10,22
m,jaxan,12,10,22
m,joy,12,10,22
m,kandon,12,10,22
m,keen,12,10,22
m,keyaan,12,10,22
m,khyrin,12,10,22
m,kyi,12,10,22
m,len,12,10,22
m,mayan,12,10,22
m,meshulem,12,10,22
m,miraj,12,10,22
m,muhamad,12,10,22
m,nihan,12,10,22
m,nuchem,12,10,22
m,pasha,12,10,22
m,rafferty,12,10,22
m,rayder,12,10,22
m,raysean,12,10,22
m,tyton,12,10,22
m,xabi,12,10,22
m,yacoub,12,10,22
m,zakariyah,12,10,22
m,aadith,11,11,22
m,abdalrahman,11,11,22
m,akif,11,11,22
m,armel,11,11,22
m,battal,11,11,22
m,bren,11,11,22
m,breylon,11,11,22
m,cebastian,11,11,22
m,codie,11,11,22
m,ej,11,11,22
m,eyob,11,11,22
m,finnly,11,11,22
m,husain,11,11,22
m,isidore,11,11,22
m,jonpaul,11,11,22
m,kairee,11,11,22
m,kayshawn,11,11,22
m,kendel,11,11,22
m,khizar,11,11,22
m,maclan,11,11,22
m,macyn,11,11,22
m,maddoxx,11,11,22
m,master,11,11,22
m,srihaan,11,11,22
m,taelyn,11,11,22
m,tamari,11,11,22
m,washington,11,11,22
m,weylyn,11,11,22
m,aarib,10,12,22
m,alwaleed,10,12,22
m,amun,10,12,22
m,archimedes,10,12,22
m,armanii,10,12,22
m,artez,10,12,22
m,chloe,10,12,22
m,cylan,10,12,22
m,deniro,10,12,22
m,dimitrius,10,12,22
m,dmoni,10,12,22
m,ein,10,12,22
m,jaelon,10,12,22
m,jianni,10,12,22
m,joshuan,10,12,22
m,jsiah,10,12,22
m,kahiau,10,12,22
m,kari,10,12,22
m,kelden,10,12,22
m,koven,10,12,22
m,kristen,10,12,22
m,kweli,10,12,22
m,leith,10,12,22
m,macallister,10,12,22
m,magdiel,10,12,22
m,marcanthony,10,12,22
m,oluwajomiloju,10,12,22
m,onur,10,12,22
m,peterson,10,12,22
m,siddarth,10,12,22
m,sinclair,10,12,22
m,taden,10,12,22
m,taveon,10,12,22
m,thaxton,10,12,22
m,zymier,10,12,22
m,adarian,9,13,22
m,akoni,9,13,22
m,aldrich,9,13,22
m,casten,9,13,22
m,cormick,9,13,22
m,daire,9,13,22
m,diangelo,9,13,22
m,draper,9,13,22
m,edgard,9,13,22
m,emani,9,13,22
m,fielding,9,13,22
m,jah,9,13,22
m,jep,9,13,22
m,jodeci,9,13,22
m,machai,9,13,22
m,manveer,9,13,22
m,naheem,9,13,22
m,nori,9,13,22
m,oaklyn,9,13,22
m,ollin,9,13,22
m,omarian,9,13,22
m,ozan,9,13,22
m,ronel,9,13,22
m,sanay,9,13,22
m,stepan,9,13,22
m,takeo,9,13,22
m,vin,9,13,22
m,vitaly,9,13,22
m,willson,9,13,22
m,yecheskel,9,13,22
m,yerachmiel,9,13,22
m,yordan,9,13,22
m,alezander,8,14,22
m,arel,8,14,22
m,azul,8,14,22
m,dagmawi,8,14,22
m,eligio,8,14,22
m,hiroki,8,14,22
m,jakeb,8,14,22
m,khing,8,14,22
m,lawsyn,8,14,22
m,matson,8,14,22
m,nicholaus,8,14,22
m,tacari,8,14,22
m,yadir,8,14,22
m,zed,8,14,22
m,ayad,7,15,22
m,eaden,7,15,22
m,gurman,7,15,22
m,hendryx,7,15,22
m,jairon,7,15,22
m,jaiyden,7,15,22
m,mohsen,7,15,22
m,namish,7,15,22
m,philipp,7,15,22
m,skanda,7,15,22
m,suleman,7,15,22
m,thomson,7,15,22
m,webster,7,15,22
m,asar,6,16,22
m,bohannon,6,16,22
m,djibril,6,16,22
m,kevan,6,16,22
m,serge,6,16,22
m,shaunak,6,16,22
m,barton,5,17,22
m,ithan,5,17,22
m,tesla,5,17,22
f,caylah,16,5,21
f,makenzye,16,5,21
f,malillany,16,5,21
f,uliana,16,5,21
f,zerina,16,5,21
f,ahrianna,15,6,21
f,aneira,15,6,21
f,beyla,15,6,21
f,ciarra,15,6,21
f,jazilyn,15,6,21
f,kambryn,15,6,21
f,londan,15,6,21
f,mackinzie,15,6,21
f,makynleigh,15,6,21
f,taralynn,15,6,21
f,yaritzel,15,6,21
f,ahlayah,14,7,21
f,azaya,14,7,21
f,briyanna,14,7,21
f,calani,14,7,21
f,danaly,14,7,21
f,elonna,14,7,21
f,emalina,14,7,21
f,janalee,14,7,21
f,jeshia,14,7,21
f,kaelan,14,7,21
f,kamauri,14,7,21
f,kortlyn,14,7,21
f,kyliyah,14,7,21
f,leire,14,7,21
f,leslee,14,7,21
f,lorianna,14,7,21
f,makinzi,14,7,21
f,naelle,14,7,21
f,soraiya,14,7,21
f,sujey,14,7,21
f,vedanshi,14,7,21
f,aiyah,13,8,21
f,analissa,13,8,21
f,annaliz,13,8,21
f,ashlinn,13,8,21
f,brekyn,13,8,21
f,caliann,13,8,21
f,caniyah,13,8,21
f,charline,13,8,21
f,dayanne,13,8,21
f,drue,13,8,21
f,evonna,13,8,21
f,giavonni,13,8,21
f,heela,13,8,21
f,jaeleen,13,8,21
f,jeweliana,13,8,21
f,lanyla,13,8,21
f,luzma,13,8,21
f,mayukha,13,8,21
f,milia,13,8,21
f,mylena,13,8,21
f,natia,13,8,21
f,sabriel,13,8,21
f,samaa,13,8,21
f,sanayah,13,8,21
f,simrat,13,8,21
f,skarleth,13,8,21
f,syren,13,8,21
f,tien,13,8,21
f,yitta,13,8,21
f,zakyra,13,8,21
f,absalat,12,9,21
f,addysin,12,9,21
f,adreana,12,9,21
f,aliviana,12,9,21
f,aliviya,12,9,21
f,analisia,12,9,21
f,analyssa,12,9,21
f,annalisia,12,9,21
f,arrietty,12,9,21
f,aubrea,12,9,21
f,avisha,12,9,21
f,bryah,12,9,21
f,deepika,12,9,21
f,delmy,12,9,21
f,destyn,12,9,21
f,enslie,12,9,21
f,fardowsa,12,9,21
f,hamna,12,9,21
f,haylynn,12,9,21
f,itza,12,9,21
f,ivannah,12,9,21
f,jaleya,12,9,21
f,jamee,12,9,21
f,jina,12,9,21
f,karmela,12,9,21
f,kelcee,12,9,21
f,kelcey,12,9,21
f,kellan,12,9,21
f,khalila,12,9,21
f,khyli,12,9,21
f,leniyah,12,9,21
f,maleni,12,9,21
f,manvi,12,9,21
f,marabelle,12,9,21
f,mikaylee,12,9,21
f,nasreen,12,9,21
f,nishi,12,9,21
f,nishtha,12,9,21
f,parys,12,9,21
f,quetzali,12,9,21
f,rahel,12,9,21
f,rashelle,12,9,21
f,saesha,12,9,21
f,sonnet,12,9,21
f,vedha,12,9,21
f,yanelli,12,9,21
f,aalaiyah,11,10,21
f,aava,11,10,21
f,adylee,11,10,21
f,alene,11,10,21
f,aveleen,11,10,21
f,azaylea,11,10,21
f,brandee,11,10,21
f,cariana,11,10,21
f,chynna,11,10,21
f,copelyn,11,10,21
f,dannika,11,10,21
f,destanie,11,10,21
f,elizabet,11,10,21
f,emaya,11,10,21
f,evolett,11,10,21
f,finnlee,11,10,21
f,genesee,11,10,21
f,hajer,11,10,21
f,haruka,11,10,21
f,heloise,11,10,21
f,hoda,11,10,21
f,iola,11,10,21
f,jahaira,11,10,21
f,jahnae,11,10,21
f,jolissa,11,10,21
f,kambrey,11,10,21
f,keaira,11,10,21
f,kirin,11,10,21
f,kyleen,11,10,21
f,kyleigha,11,10,21
f,kymberly,11,10,21
f,laryah,11,10,21
f,lillyrose,11,10,21
f,madilyne,11,10,21
f,malan,11,10,21
f,marianny,11,10,21
f,maryssa,11,10,21
f,mishal,11,10,21
f,niaomi,11,10,21
f,posy,11,10,21
f,priyana,11,10,21
f,samanvitha,11,10,21
f,santa,11,10,21
f,skylynne,11,10,21
f,sofya,11,10,21
f,tallie,11,10,21
f,talon,11,10,21
f,weslee,11,10,21
f,xayla,11,10,21
f,yariana,11,10,21
f,yasemin,11,10,21
f,zaiah,11,10,21
f,zaineb,11,10,21
f,zakari,11,10,21
f,zoria,11,10,21
f,aaylah,10,11,21
f,amily,10,11,21
f,avaiyah,10,11,21
f,bellagrace,10,11,21
f,bijou,10,11,21
f,caiah,10,11,21
f,carole,10,11,21
f,copper,10,11,21
f,daeja,10,11,21
f,dalal,10,11,21
f,dallana,10,11,21
f,danella,10,11,21
f,danisha,10,11,21
f,edison,10,11,21
f,eislee,10,11,21
f,elim,10,11,21
f,erandi,10,11,21
f,foster,10,11,21
f,glorianna,10,11,21
f,gwyn,10,11,21
f,ileen,10,11,21
f,ilithyia,10,11,21
f,iliza,10,11,21
f,jadaya,10,11,21
f,jaileigh,10,11,21
f,jalen,10,11,21
f,jaylia,10,11,21
f,jelissa,10,11,21
f,jinora,10,11,21
f,joline,10,11,21
f,kelbi,10,11,21
f,khiya,10,11,21
f,kinslea,10,11,21
f,konner,10,11,21
f,leilanny,10,11,21
f,lorien,10,11,21
f,lylith,10,11,21
f,lyrique,10,11,21
f,mandi,10,11,21
f,marleni,10,11,21
f,masiyah,10,11,21
f,mckaylee,10,11,21
f,melenie,10,11,21
f,montanna,10,11,21
f,navah,10,11,21
f,nyana,10,11,21
f,quynn,10,11,21
f,raley,10,11,21
f,raylea,10,11,21
f,rhya,10,11,21
f,ryelee,10,11,21
f,sadhana,10,11,21
f,sherrie,10,11,21
f,siddalee,10,11,21
f,stela,10,11,21
f,summit,10,11,21
f,teddi,10,11,21
f,teddie,10,11,21
f,vyla,10,11,21
f,waniya,10,11,21
f,yarexi,10,11,21
f,yarielys,10,11,21
f,yaritzy,10,11,21
f,zeeva,10,11,21
f,zeniya,10,11,21
f,zilah,10,11,21
f,ailsa,9,12,21
f,alyzabeth,9,12,21
f,aquila,9,12,21
f,avagail,9,12,21
f,braedyn,9,12,21
f,christel,9,12,21
f,crystel,9,12,21
f,danny,9,12,21
f,deethya,9,12,21
f,elody,9,12,21
f,hendy,9,12,21
f,ismerai,9,12,21
f,jaleia,9,12,21
f,jamesyn,9,12,21
f,kaylanni,9,12,21
f,kelbie,9,12,21
f,lenix,9,12,21
f,marilla,9,12,21
f,mattisyn,9,12,21
f,melea,9,12,21
f,neysa,9,12,21
f,nilani,9,12,21
f,nusayba,9,12,21
f,rahi,9,12,21
f,rhyen,9,12,21
f,riann,9,12,21
f,rosaura,9,12,21
f,sadye,9,12,21
f,sagal,9,12,21
f,sophiamarie,9,12,21
f,teresita,9,12,21
f,thanvi,9,12,21
f,valeri,9,12,21
f,winslet,9,12,21
f,yilin,9,12,21
f,zaylia,9,12,21
f,aaradhana,8,13,21
f,alexxis,8,13,21
f,dalari,8,13,21
f,dalayna,8,13,21
f,edynn,8,13,21
f,eisa,8,13,21
f,evangelyne,8,13,21
f,feven,8,13,21
f,ghala,8,13,21
f,haddy,8,13,21
f,hanaa,8,13,21
f,harvey,8,13,21
f,hasna,8,13,21
f,hazleigh,8,13,21
f,hser,8,13,21
f,jaimarie,8,13,21
f,jaylaa,8,13,21
f,jessah,8,13,21
f,kaliope,8,13,21
f,laurelai,8,13,21
f,meri,8,13,21
f,neave,8,13,21
f,oluwatoni,8,13,21
f,rihana,8,13,21
f,rudy,8,13,21
f,saidee,8,13,21
f,santina,8,13,21
f,shawn,8,13,21
f,shireen,8,13,21
f,teonna,8,13,21
f,zavannah,8,13,21
f,zohra,8,13,21
f,adlie,7,14,21
f,alyrica,7,14,21
f,aveena,7,14,21
f,genoveva,7,14,21
f,halimah,7,14,21
f,mariame,7,14,21
f,meilin,7,14,21
f,nyellie,7,14,21
f,raissa,7,14,21
f,tanishi,7,14,21
f,wynnie,7,14,21
f,zalynn,7,14,21
f,adileny,6,15,21
f,aleisa,6,15,21
f,brittish,6,15,21
f,emmalea,6,15,21
f,henchy,6,15,21
f,ivery,6,15,21
f,kahlea,6,15,21
f,katey,6,15,21
f,maeson,6,15,21
f,reylynn,6,15,21
f,samah,6,15,21
f,zetta,6,15,21
f,zoiee,6,15,21
f,abbygayle,5,16,21
f,aitiana,5,16,21
f,akua,5,16,21
f,io,5,16,21
m,markanthony,16,5,21
m,marx,16,5,21
m,zakery,16,5,21
m,abdulwahab,15,6,21
m,xzayvier,15,6,21
m,abdinasir,14,7,21
m,achillies,14,7,21
m,audrey,14,7,21
m,babyboy,14,7,21
m,colbie,14,7,21
m,detrick,14,7,21
m,harsh,14,7,21
m,ishaaq,14,7,21
m,kedar,14,7,21
m,montreal,14,7,21
m,piercen,14,7,21
m,rushil,14,7,21
m,yoan,14,7,21
m,zacheriah,14,7,21
m,abanoub,13,8,21
m,adedamola,13,8,21
m,ahmier,13,8,21
m,aiman,13,8,21
m,amal,13,8,21
m,anav,13,8,21
m,arlind,13,8,21
m,axxel,13,8,21
m,benz,13,8,21
m,bryceton,13,8,21
m,cyris,13,8,21
m,drevion,13,8,21
m,dylin,13,8,21
m,ejay,13,8,21
m,ilhan,13,8,21
m,jeremaih,13,8,21
m,jerrion,13,8,21
m,kaemon,13,8,21
m,laithan,13,8,21
m,levent,13,8,21
m,linwood,13,8,21
m,ludwig,13,8,21
m,mads,13,8,21
m,marcio,13,8,21
m,ociel,13,8,21
m,rana,13,8,21
m,saahir,13,8,21
m,sartaj,13,8,21
m,shota,13,8,21
m,temiloluwa,13,8,21
m,traylon,13,8,21
m,tyvon,13,8,21
m,zandon,13,8,21
m,ziah,13,8,21
m,amirr,12,9,21
m,boyan,12,9,21
m,breslin,12,9,21
m,cephas,12,9,21
m,destyn,12,9,21
m,everet,12,9,21
m,garrus,12,9,21
m,guhan,12,9,21
m,henok,12,9,21
m,itay,12,9,21
m,izaias,12,9,21
m,jadrien,12,9,21
m,jeniel,12,9,21
m,kayveon,12,9,21
m,kosisochukwu,12,9,21
m,kyzen,12,9,21
m,liandro,12,9,21
m,lui,12,9,21
m,nader,12,9,21
m,nahshon,12,9,21
m,reiner,12,9,21
m,renaldo,12,9,21
m,royer,12,9,21
m,tobechukwu,12,9,21
m,torres,12,9,21
m,vikrant,12,9,21
m,xhaiden,12,9,21
m,yaw,12,9,21
m,zarius,12,9,21
m,zimir,12,9,21
m,aleric,11,10,21
m,arcangel,11,10,21
m,arwin,11,10,21
m,berry,11,10,21
m,braidon,11,10,21
m,bretton,11,10,21
m,brysan,11,10,21
m,cyprus,11,10,21
m,dayon,11,10,21
m,decari,11,10,21
m,deyon,11,10,21
m,dodger,11,10,21
m,domanick,11,10,21
m,domonick,11,10,21
m,dovber,11,10,21
m,draylen,11,10,21
m,dryden,11,10,21
m,emeka,11,10,21
m,emillio,11,10,21
m,erron,11,10,21
m,farrell,11,10,21
m,georges,11,10,21
m,jabes,11,10,21
m,jabin,11,10,21
m,jago,11,10,21
m,jamesen,11,10,21
m,jandiel,11,10,21
m,jasher,11,10,21
m,joseantonio,11,10,21
m,maxten,11,10,21
m,naftoli,11,10,21
m,nikan,11,10,21
m,sajan,11,10,21
m,shah,11,10,21
m,siler,11,10,21
m,toni,11,10,21
m,tyeson,11,10,21
m,unique,11,10,21
m,zebedee,11,10,21
m,brigg,10,11,21
m,candido,10,11,21
m,graesyn,10,11,21
m,jasion,10,11,21
m,javar,10,11,21
m,jeovani,10,11,21
m,kaseem,10,11,21
m,kycen,10,11,21
m,levar,10,11,21
m,marck,10,11,21
m,maxden,10,11,21
m,mehkai,10,11,21
m,mehran,10,11,21
m,merrill,10,11,21
m,mylon,10,11,21
m,north,10,11,21
m,omarii,10,11,21
m,sandor,10,11,21
m,semir,10,11,21
m,shubham,10,11,21
m,tian,10,11,21
m,xavyer,10,11,21
m,yandriel,10,11,21
m,abdulahad,9,12,21
m,alamin,9,12,21
m,anselm,9,12,21
m,anvith,9,12,21
m,aristides,9,12,21
m,banx,9,12,21
m,blaiden,9,12,21
m,cisco,9,12,21
m,coleston,9,12,21
m,denilson,9,12,21
m,greysyn,9,12,21
m,harlyn,9,12,21
m,hattan,9,12,21
m,jachai,9,12,21
m,jamaine,9,12,21
m,jamarie,9,12,21
m,josedejesus,9,12,21
m,kamon,9,12,21
m,kamoni,9,12,21
m,kealan,9,12,21
m,laird,9,12,21
m,lakendrick,9,12,21
m,matis,9,12,21
m,maveryck,9,12,21
m,menelik,9,12,21
m,merric,9,12,21
m,montel,9,12,21
m,oreoluwa,9,12,21
m,ronak,9,12,21
m,savva,9,12,21
m,silver,9,12,21
m,sriyansh,9,12,21
m,stiven,9,12,21
m,suhas,9,12,21
m,thadeus,9,12,21
m,tyaire,9,12,21
m,vinicio,9,12,21
m,vinnie,9,12,21
m,vonn,9,12,21
m,witt,9,12,21
m,worth,9,12,21
m,yichen,9,12,21
m,zaim,9,12,21
m,adith,8,13,21
m,altan,8,13,21
m,arlyn,8,13,21
m,ayvion,8,13,21
m,bexley,8,13,21
m,breyer,8,13,21
m,brinton,8,13,21
m,camerin,8,13,21
m,devine,8,13,21
m,hanish,8,13,21
m,hriday,8,13,21
m,husam,8,13,21
m,ihan,8,13,21
m,jathniel,8,13,21
m,jood,8,13,21
m,kacyn,8,13,21
m,kathan,8,13,21
m,kayton,8,13,21
m,kentavious,8,13,21
m,kyen,8,13,21
m,lyrick,8,13,21
m,malosi,8,13,21
m,montrel,8,13,21
m,mouhamad,8,13,21
m,naasir,8,13,21
m,nessiah,8,13,21
m,nissim,8,13,21
m,parley,8,13,21
m,pearse,8,13,21
m,raydin,8,13,21
m,reuel,8,13,21
m,rhone,8,13,21
m,toa,8,13,21
m,yobani,8,13,21
m,yussuf,8,13,21
m,aamari,7,14,21
m,arslan,7,14,21
m,baden,7,14,21
m,braelynn,7,14,21
m,chastin,7,14,21
m,coal,7,14,21
m,collen,7,14,21
m,darkiel,7,14,21
m,doran,7,14,21
m,finneus,7,14,21
m,kohan,7,14,21
m,lamin,7,14,21
m,naol,7,14,21
m,nikodem,7,14,21
m,obrian,7,14,21
m,oluwaseun,7,14,21
m,safal,7,14,21
m,silverio,7,14,21
m,alhassan,5,16,21
m,anias,5,16,21
m,dmauri,5,16,21
m,gaddiel,5,16,21
m,kipling,5,16,21
m,rawley,5,16,21
m,ryle,5,16,21
f,britani,15,5,20
f,deyanna,15,5,20
f,makaia,15,5,20
f,naraly,15,5,20
f,nyemiah,15,5,20
f,alese,14,6,20
f,alyxandra,14,6,20
f,amala,14,6,20
f,amazin,14,6,20
f,amoree,14,6,20
f,cerena,14,6,20
f,cortlynn,14,6,20
f,daily,14,6,20
f,issabelle,14,6,20
f,iszabella,14,6,20
f,jaleeyah,14,6,20
f,janelis,14,6,20
f,jasneet,14,6,20
f,kailoni,14,6,20
f,kerstin,14,6,20
f,liannah,14,6,20
f,lilu,14,6,20
f,mailynn,14,6,20
f,norielle,14,6,20
f,nyiah,14,6,20
f,roniyah,14,6,20
f,tynley,14,6,20
f,zuley,14,6,20
f,zyniah,14,6,20
f,akylah,13,7,20
f,alaiza,13,7,20
f,dennise,13,7,20
f,deziyah,13,7,20
f,edda,13,7,20
f,elliett,13,7,20
f,everlea,13,7,20
f,faithe,13,7,20
f,jahlia,13,7,20
f,jerika,13,7,20
f,kendallyn,13,7,20
f,kylieann,13,7,20
f,lyndie,13,7,20
f,madonna,13,7,20
f,milka,13,7,20
f,momoka,13,7,20
f,namiyah,13,7,20
f,oluwatomisin,13,7,20
f,peytyn,13,7,20
f,rocklyn,13,7,20
f,rubyann,13,7,20
f,zamantha,13,7,20
f,aalijah,12,8,20
f,ahriya,12,8,20
f,aizley,12,8,20
f,aleysa,12,8,20
f,ameelah,12,8,20
f,amillya,12,8,20
f,anslie,12,8,20
f,baylea,12,8,20
f,baylin,12,8,20
f,breeanna,12,8,20
f,cianni,12,8,20
f,danette,12,8,20
f,derin,12,8,20
f,emira,12,8,20
f,erial,12,8,20
f,fancy,12,8,20
f,jalayia,12,8,20
f,jase,12,8,20
f,kareli,12,8,20
f,kiva,12,8,20
f,konstance,12,8,20
f,kyelle,12,8,20
f,leeani,12,8,20
f,leonela,12,8,20
f,libni,12,8,20
f,maddelynn,12,8,20
f,marlynn,12,8,20
f,mehak,12,8,20
f,meridian,12,8,20
f,merlyn,12,8,20
f,naeemah,12,8,20
f,nisreen,12,8,20
f,noga,12,8,20
f,pollyanna,12,8,20
f,rmani,12,8,20
f,saaya,12,8,20
f,shalyn,12,8,20
f,tulip,12,8,20
f,zane,12,8,20
f,aaleeyah,11,9,20
f,aayushi,11,9,20
f,adeleigh,11,9,20
f,akela,11,9,20
f,alandra,11,9,20
f,alexza,11,9,20
f,alonnah,11,9,20
f,anabeth,11,9,20
f,anaysha,11,9,20
f,anthea,11,9,20
f,aricela,11,9,20
f,avaley,11,9,20
f,beautifull,11,9,20
f,braileigh,11,9,20
f,braylea,11,9,20
f,brooklee,11,9,20
f,caelin,11,9,20
f,darah,11,9,20
f,davanee,11,9,20
f,ditya,11,9,20
f,ezme,11,9,20
f,hidaya,11,9,20
f,indiya,11,9,20
f,irisa,11,9,20
f,janelys,11,9,20
f,jazalynn,11,9,20
f,karigan,11,9,20
f,karlina,11,9,20
f,kary,11,9,20
f,katelynne,11,9,20
f,kaysha,11,9,20
f,khalise,11,9,20
f,kortlynn,11,9,20
f,kripa,11,9,20
f,lauralee,11,9,20
f,leylany,11,9,20
f,lissa,11,9,20
f,madicyn,11,9,20
f,maecyn,11,9,20
f,mahaley,11,9,20
f,megyn,11,9,20
f,meilyn,11,9,20
f,melaine,11,9,20
f,naryiah,11,9,20
f,nereyda,11,9,20
f,nylia,11,9,20
f,oliwia,11,9,20
f,paislea,11,9,20
f,pieper,11,9,20
f,poet,11,9,20
f,prapti,11,9,20
f,preesha,11,9,20
f,rashell,11,9,20
f,sahari,11,9,20
f,saila,11,9,20
f,samriddhi,11,9,20
f,sarae,11,9,20
f,sarrinah,11,9,20
f,sephira,11,9,20
f,shari,11,9,20
f,solomiya,11,9,20
f,suheyla,11,9,20
f,temprance,11,9,20
f,teyah,11,9,20
f,vitoria,11,9,20
f,zaela,11,9,20
f,adhara,10,10,20
f,aizlyn,10,10,20
f,allayna,10,10,20
f,allina,10,10,20
f,ariauna,10,10,20
f,armiyah,10,10,20
f,aryani,10,10,20
f,avanelle,10,10,20
f,betul,10,10,20
f,blakleigh,10,10,20
f,brigit,10,10,20
f,ciena,10,10,20
f,cressida,10,10,20
f,daina,10,10,20
f,dalarie,10,10,20
f,dearia,10,10,20
f,denyla,10,10,20
f,deona,10,10,20
f,dniyah,10,10,20
f,ellionna,10,10,20
f,flannery,10,10,20
f,gracelee,10,10,20
f,harriett,10,10,20
f,hephzibah,10,10,20
f,hopelynn,10,10,20
f,idella,10,10,20
f,ivah,10,10,20
f,izza,10,10,20
f,jaxson,10,10,20
f,jochebed,10,10,20
f,josaphine,10,10,20
f,kaislyn,10,10,20
f,kalysta,10,10,20
f,kayelee,10,10,20
f,kayleana,10,10,20
f,khadeejah,10,10,20
f,kritika,10,10,20
f,lailoni,10,10,20
f,larayah,10,10,20
f,latrice,10,10,20
f,mackinlee,10,10,20
f,maclyn,10,10,20
f,malala,10,10,20
f,malee,10,10,20
f,mazal,10,10,20
f,metzli,10,10,20
f,miki,10,10,20
f,mirren,10,10,20
f,nandana,10,10,20
f,nelani,10,10,20
f,nil,10,10,20
f,niyanna,10,10,20
f,peniel,10,10,20
f,quinnly,10,10,20
f,renly,10,10,20
f,roan,10,10,20
f,romani,10,10,20
f,rosali,10,10,20
f,ruba,10,10,20
f,ryian,10,10,20
f,spruha,10,10,20
f,stuti,10,10,20
f,syla,10,10,20
f,syra,10,10,20
f,tanvika,10,10,20
f,thomas,10,10,20
f,vina,10,10,20
f,warda,10,10,20
f,zakiyyah,10,10,20
f,zannah,10,10,20
f,zissel,10,10,20
f,zoeh,10,10,20
f,zorie,10,10,20
f,ahlana,9,11,20
f,ahmina,9,11,20
f,aliha,9,11,20
f,alyxandria,9,11,20
f,amana,9,11,20
f,amarachukwu,9,11,20
f,amiera,9,11,20
f,ammara,9,11,20
f,azalyn,9,11,20
f,baani,9,11,20
f,brixley,9,11,20
f,cashlyn,9,11,20
f,clary,9,11,20
f,demiah,9,11,20
f,ellajane,9,11,20
f,hartleigh,9,11,20
f,heavenlyjoy,9,11,20
f,icelynn,9,11,20
f,itzayanna,9,11,20
f,ivalee,9,11,20
f,jilliana,9,11,20
f,kalis,9,11,20
f,karlynn,9,11,20
f,karuna,9,11,20
f,kattie,9,11,20
f,keliyah,9,11,20
f,kindall,9,11,20
f,kinsly,9,11,20
f,lilyannah,9,11,20
f,lisanna,9,11,20
f,livingston,9,11,20
f,madalee,9,11,20
f,maicee,9,11,20
f,marijose,9,11,20
f,mitra,9,11,20
f,nadiah,9,11,20
f,naja,9,11,20
f,najla,9,11,20
f,nakiah,9,11,20
f,namiko,9,11,20
f,nature,9,11,20
f,nuala,9,11,20
f,prakriti,9,11,20
f,rhylei,9,11,20
f,rinnah,9,11,20
f,ryana,9,11,20
f,sai,9,11,20
f,samyukta,9,11,20
f,shaddai,9,11,20
f,simrah,9,11,20
f,tam,9,11,20
f,tiare,9,11,20
f,ty,9,11,20
f,vidalia,9,11,20
f,zalina,9,11,20
f,abra,8,12,20
f,adamariz,8,12,20
f,adamary,8,12,20
f,addilyne,8,12,20
f,alessandria,8,12,20
f,arabell,8,12,20
f,arrielle,8,12,20
f,artemisia,8,12,20
f,briya,8,12,20
f,caryn,8,12,20
f,cherrish,8,12,20
f,clancy,8,12,20
f,conner,8,12,20
f,crystianna,8,12,20
f,elianne,8,12,20
f,emarosa,8,12,20
f,grettell,8,12,20
f,haidynn,8,12,20
f,ilena,8,12,20
f,janat,8,12,20
f,janett,8,12,20
f,jenan,8,12,20
f,jerelyn,8,12,20
f,jiayi,8,12,20
f,kamaiya,8,12,20
f,kamilia,8,12,20
f,karalee,8,12,20
f,keianna,8,12,20
f,kelilah,8,12,20
f,kingsleigh,8,12,20
f,leenah,8,12,20
f,lovelynn,8,12,20
f,makyra,8,12,20
f,mariko,8,12,20
f,mauriah,8,12,20
f,micheala,8,12,20
f,mindel,8,12,20
f,raychel,8,12,20
f,reine,8,12,20
f,savaya,8,12,20
f,staley,8,12,20
f,sukaina,8,12,20
f,torianna,8,12,20
f,wateen,8,12,20
f,yissel,8,12,20
f,aadvika,7,13,20
f,amileah,7,13,20
f,blakeli,7,13,20
f,casie,7,13,20
f,faviola,7,13,20
f,ginna,7,13,20
f,hadlyn,7,13,20
f,janaiyah,7,13,20
f,jazarah,7,13,20
f,juliany,7,13,20
f,kaniah,7,13,20
f,khya,7,13,20
f,khylei,7,13,20
f,kiora,7,13,20
f,layali,7,13,20
f,loralee,7,13,20
f,marliyah,7,13,20
f,mkenzie,7,13,20
f,najwa,7,13,20
f,neyah,7,13,20
f,nikol,7,13,20
f,nira,7,13,20
f,nyeli,7,13,20
f,sanna,7,13,20
f,tallia,7,13,20
f,tonia,7,13,20
f,tytianna,7,13,20
f,yuritzy,7,13,20
f,zurii,7,13,20
f,zyion,7,13,20
f,alaiia,6,14,20
f,bentli,6,14,20
f,camaya,6,14,20
f,carlei,6,14,20
f,donia,6,14,20
f,eilis,6,14,20
f,ghina,6,14,20
f,haru,6,14,20
f,kiki,6,14,20
f,mellody,6,14,20
f,milaina,6,14,20
f,rasha,6,14,20
f,reighn,6,14,20
f,roniya,6,14,20
f,sareena,6,14,20
f,siahna,6,14,20
f,valor,6,14,20
f,ares,5,15,20
f,emnet,5,15,20
f,evvie,5,15,20
f,mylo,5,15,20
f,nerissa,5,15,20
f,nimah,5,15,20
m,christyan,15,5,20
m,demetrice,15,5,20
m,kaled,15,5,20
m,khair,15,5,20
m,koran,15,5,20
m,remiel,15,5,20
m,ebin,14,6,20
m,germaine,14,6,20
m,jayke,14,6,20
m,josecarlos,14,6,20
m,journee,14,6,20
m,keene,14,6,20
m,ariz,13,7,20
m,damarian,13,7,20
m,javoni,13,7,20
m,juston,13,7,20
m,kayven,13,7,20
m,kishawn,13,7,20
m,leven,13,7,20
m,nixen,13,7,20
m,siaosi,13,7,20
m,talmadge,13,7,20
m,tharun,13,7,20
m,tyris,13,7,20
m,vraj,13,7,20
m,adrick,12,8,20
m,ajit,12,8,20
m,alcides,12,8,20
m,angelito,12,8,20
m,angelus,12,8,20
m,caileb,12,8,20
m,calhoun,12,8,20
m,davontay,12,8,20
m,django,12,8,20
m,dorrian,12,8,20
m,geovonni,12,8,20
m,hao,12,8,20
m,jahking,12,8,20
m,jahmel,12,8,20
m,javis,12,8,20
m,jessup,12,8,20
m,kaliq,12,8,20
m,karlton,12,8,20
m,kastin,12,8,20
m,keone,12,8,20
m,leovanni,12,8,20
m,macklyn,12,8,20
m,mekai,12,8,20
m,moise,12,8,20
m,parv,12,8,20
m,peyson,12,8,20
m,refoel,12,8,20
m,rogen,12,8,20
m,stihl,12,8,20
m,taquan,12,8,20
m,thanos,12,8,20
m,zebastian,12,8,20
m,zylon,12,8,20
m,ashyr,11,9,20
m,basel,11,9,20
m,braelen,11,9,20
m,braydn,11,9,20
m,brayon,11,9,20
m,brixon,11,9,20
m,cabe,11,9,20
m,chrishawn,11,9,20
m,cleon,11,9,20
m,danil,11,9,20
m,diyan,11,9,20
m,elai,11,9,20
m,geordan,11,9,20
m,inaki,11,9,20
m,jamarrion,11,9,20
m,jaydian,11,9,20
m,kaenan,11,9,20
m,keelyn,11,9,20
m,khup,11,9,20
m,kristof,11,9,20
m,lancelot,11,9,20
m,miquel,11,9,20
m,muzamil,11,9,20
m,nahuel,11,9,20
m,nobel,11,9,20
m,pike,11,9,20
m,raekwon,11,9,20
m,rossi,11,9,20
m,saim,11,9,20
m,scotland,11,9,20
m,shaheen,11,9,20
m,stokely,11,9,20
m,vidyuth,11,9,20
m,winn,11,9,20
m,zaidon,11,9,20
m,zyrell,11,9,20
m,abigail,10,10,20
m,albaraa,10,10,20
m,amiere,10,10,20
m,amron,10,10,20
m,apolo,10,10,20
m,arber,10,10,20
m,bryten,10,10,20
m,caige,10,10,20
m,charlotte,10,10,20
m,cyrie,10,10,20
m,dantae,10,10,20
m,davide,10,10,20
m,deaire,10,10,20
m,delorean,10,10,20
m,eithen,10,10,20
m,exzavier,10,10,20
m,gedeon,10,10,20
m,harsha,10,10,20
m,honest,10,10,20
m,iremide,10,10,20
m,issiah,10,10,20
m,izeah,10,10,20
m,jamarii,10,10,20
m,jaydn,10,10,20
m,jeydan,10,10,20
m,johnston,10,10,20
m,kaimani,10,10,20
m,keeghan,10,10,20
m,keylon,10,10,20
m,locklan,10,10,20
m,macari,10,10,20
m,maxfield,10,10,20
m,maxxon,10,10,20
m,modesto,10,10,20
m,najib,10,10,20
m,nasim,10,10,20
m,ritwik,10,10,20
m,sanchez,10,10,20
m,savio,10,10,20
m,shyne,10,10,20
m,tam,10,10,20
m,wendall,10,10,20
m,wissam,10,10,20
m,xaidyn,10,10,20
m,abeer,9,11,20
m,aniket,9,11,20
m,archit,9,11,20
m,breaker,9,11,20
m,chavez,9,11,20
m,conlee,9,11,20
m,dacian,9,11,20
m,dantrell,9,11,20
m,dara,9,11,20
m,delsin,9,11,20
m,devone,9,11,20
m,dyllon,9,11,20
m,egor,9,11,20
m,fields,9,11,20
m,gavan,9,11,20
m,grantham,9,11,20
m,havoc,9,11,20
m,howie,9,11,20
m,isaic,9,11,20
m,izekiel,9,11,20
m,jalan,9,11,20
m,jenesis,9,11,20
m,jhamir,9,11,20
m,joeseph,9,11,20
m,jonmichael,9,11,20
m,jvion,9,11,20
m,kristan,9,11,20
m,makhari,9,11,20
m,mavric,9,11,20
m,micco,9,11,20
m,mikhi,9,11,20
m,murat,9,11,20
m,muzammil,9,11,20
m,nolawi,9,11,20
m,oaken,9,11,20
m,payten,9,11,20
m,rojelio,9,11,20
m,sadler,9,11,20
m,severiano,9,11,20
m,shrihaan,9,11,20
m,tori,9,11,20
m,tyreece,9,11,20
m,vishruth,9,11,20
m,wagner,9,11,20
m,wynter,9,11,20
m,yacine,9,11,20
m,yu,9,11,20
m,aashrith,8,12,20
m,addicus,8,12,20
m,amrom,8,12,20
m,camdan,8,12,20
m,daelon,8,12,20
m,dionisio,8,12,20
m,gregor,8,12,20
m,haedyn,8,12,20
m,harvin,8,12,20
m,helio,8,12,20
m,indie,8,12,20
m,isrrael,8,12,20
m,jhony,8,12,20
m,kayn,8,12,20
m,kensley,8,12,20
m,khy,8,12,20
m,marquice,8,12,20
m,newt,8,12,20
m,rasul,8,12,20
m,redford,8,12,20
m,rixon,8,12,20
m,rucker,8,12,20
m,saber,8,12,20
m,sanjeev,8,12,20
m,slayter,8,12,20
m,trig,8,12,20
m,tyde,8,12,20
m,zhaire,8,12,20
m,zhayden,8,12,20
m,abdou,7,13,20
m,addis,7,13,20
m,aizik,7,13,20
m,aum,7,13,20
m,dechlan,7,13,20
m,goku,7,13,20
m,griffey,7,13,20
m,kazen,7,13,20
m,kervens,7,13,20
m,lucifer,7,13,20
m,neilan,7,13,20
m,olly,7,13,20
m,rayshon,7,13,20
m,rece,7,13,20
m,sahmir,7,13,20
m,shedrick,7,13,20
m,shiva,7,13,20
m,sohail,7,13,20
m,zvi,7,13,20
m,aarik,6,14,20
m,aryaan,6,14,20
m,ashwath,6,14,20
m,azaryah,6,14,20
m,devereaux,6,14,20
m,kingjosiah,6,14,20
m,nalan,6,14,20
m,rajah,6,14,20
m,abdulla,5,15,20
m,anuar,5,15,20
m,grafton,5,15,20
m,lejend,5,15,20
m,majestic,5,15,20
m,tilak,5,15,20
f,camella,14,5,19
f,coumba,14,5,19
f,deandrea,14,5,19
f,elmira,14,5,19
f,esli,14,5,19
f,jadence,14,5,19
f,kevin,14,5,19
f,makenize,14,5,19
f,mariyana,14,5,19
f,shelsy,14,5,19
f,taila,14,5,19
f,timiyah,14,5,19
f,adianna,13,6,19
f,aleanna,13,6,19
f,aliveah,13,6,19
f,ariea,13,6,19
f,averyrose,13,6,19
f,brinna,13,6,19
f,caela,13,6,19
f,collin,13,6,19
f,danielys,13,6,19
f,dava,13,6,19
f,dolce,13,6,19
f,jaiana,13,6,19
f,jaidynn,13,6,19
f,janique,13,6,19
f,jennelle,13,6,19
f,kelsei,13,6,19
f,michel,13,6,19
f,nalini,13,6,19
f,nyeema,13,6,19
f,paisely,13,6,19
f,rylynne,13,6,19
f,shakthi,13,6,19
f,shamiah,13,6,19
f,adan,12,7,19
f,adylynn,12,7,19
f,aerianna,12,7,19
f,amyria,12,7,19
f,andreah,12,7,19
f,brice,12,7,19
f,brightyn,12,7,19
f,catori,12,7,19
f,deleyza,12,7,19
f,eugenie,12,7,19
f,genavie,12,7,19
f,gila,12,7,19
f,hava,12,7,19
f,jamaica,12,7,19
f,jayceon,12,7,19
f,kamarah,12,7,19
f,kendi,12,7,19
f,kinzly,12,7,19
f,korea,12,7,19
f,kyliana,12,7,19
f,lailany,12,7,19
f,mahreen,12,7,19
f,onyinyechi,12,7,19
f,saadia,12,7,19
f,sarabella,12,7,19
f,saraih,12,7,19
f,seba,12,7,19
f,trust,12,7,19
f,tyrah,12,7,19
f,yanitza,12,7,19
f,zamariah,12,7,19
f,aaryana,11,8,19
f,aeriel,11,8,19
f,akyla,11,8,19
f,andalyn,11,8,19
f,annalysa,11,8,19
f,anzlee,11,8,19
f,asenat,11,8,19
f,aseneth,11,8,19
f,azalya,11,8,19
f,bessie,11,8,19
f,braylei,11,8,19
f,calayah,11,8,19
f,caleb,11,8,19
f,caleesi,11,8,19
f,caliya,11,8,19
f,cateleya,11,8,19
f,chikaima,11,8,19
f,ciani,11,8,19
f,danila,11,8,19
f,dessie,11,8,19
f,dunia,11,8,19
f,graylee,11,8,19
f,gwyndolyn,11,8,19
f,hanalei,11,8,19
f,irys,11,8,19
f,jaleiah,11,8,19
f,jezabelle,11,8,19
f,jonni,11,8,19
f,kadi,11,8,19
f,kaileen,11,8,19
f,kaithlyn,11,8,19
f,kaytlynn,11,8,19
f,kestrel,11,8,19
f,kimberlie,11,8,19
f,kionna,11,8,19
f,koa,11,8,19
f,leani,11,8,19
f,lillymae,11,8,19
f,madysyn,11,8,19
f,maryori,11,8,19
f,mayela,11,8,19
f,maylanie,11,8,19
f,michelina,11,8,19
f,morelia,11,8,19
f,orchid,11,8,19
f,owynn,11,8,19
f,persephonie,11,8,19
f,reggie,11,8,19
f,rilla,11,8,19
f,rosamund,11,8,19
f,ruqaya,11,8,19
f,samika,11,8,19
f,sareen,11,8,19
f,seylah,11,8,19
f,shannel,11,8,19
f,talisa,11,8,19
f,taylan,11,8,19
f,victorya,11,8,19
f,yena,11,8,19
f,yoona,11,8,19
f,adamae,10,9,19
f,ahmira,10,9,19
f,alanii,10,9,19
f,aleighna,10,9,19
f,allia,10,9,19
f,ameira,10,9,19
f,annica,10,9,19
f,arieonna,10,9,19
f,aubery,10,9,19
f,axelle,10,9,19
f,azaylah,10,9,19
f,azhar,10,9,19
f,cassidie,10,9,19
f,chanie,10,9,19
f,chi,10,9,19
f,daisymae,10,9,19
f,gayatri,10,9,19
f,halena,10,9,19
f,halynn,10,9,19
f,hilde,10,9,19
f,ileanna,10,9,19
f,jahdai,10,9,19
f,jakari,10,9,19
f,jazzelle,10,9,19
f,jessilyn,10,9,19
f,juli,10,9,19
f,kahealani,10,9,19
f,kammie,10,9,19
f,kandis,10,9,19
f,khalea,10,9,19
f,larose,10,9,19
f,lianah,10,9,19
f,lillah,10,9,19
f,lillyona,10,9,19
f,lillyth,10,9,19
f,lyrick,10,9,19
f,maddisen,10,9,19
f,mala,10,9,19
f,margarette,10,9,19
f,marlaya,10,9,19
f,matilynn,10,9,19
f,mylynn,10,9,19
f,nakyla,10,9,19
f,nasteho,10,9,19
f,niema,10,9,19
f,parthenia,10,9,19
f,rateel,10,9,19
f,rhealynn,10,9,19
f,sarahgrace,10,9,19
f,seana,10,9,19
f,sharvi,10,9,19
f,sunniva,10,9,19
f,torryn,10,9,19
f,vallerie,10,9,19
f,xela,10,9,19
f,yuliet,10,9,19
f,zea,10,9,19
f,zehava,10,9,19
f,zineb,10,9,19
f,adrienna,9,10,19
f,africa,9,10,19
f,aleynah,9,10,19
f,alyzza,9,10,19
f,amarilis,9,10,19
f,ameli,9,10,19
f,analeyah,9,10,19
f,anjelina,9,10,19
f,annalaya,9,10,19
f,ariannie,9,10,19
f,armahni,9,10,19
f,ashli,9,10,19
f,avilyn,9,10,19
f,avlynn,9,10,19
f,azealia,9,10,19
f,blaklee,9,10,19
f,brighid,9,10,19
f,bryli,9,10,19
f,cambryn,9,10,19
f,daniyla,9,10,19
f,dannica,9,10,19
f,deleah,9,10,19
f,despina,9,10,19
f,elania,9,10,19
f,ellianne,9,10,19
f,elloree,9,10,19
f,elyce,9,10,19
f,elyna,9,10,19
f,emmry,9,10,19
f,eriyah,9,10,19
f,evangelynn,9,10,19
f,ewa,9,10,19
f,findley,9,10,19
f,hatley,9,10,19
f,hazzel,9,10,19
f,ilsa,9,10,19
f,isabellarose,9,10,19
f,jaeden,9,10,19
f,jaielle,9,10,19
f,jerusha,9,10,19
f,joei,9,10,19
f,jolyn,9,10,19
f,juneau,9,10,19
f,kamala,9,10,19
f,kayani,9,10,19
f,kena,9,10,19
f,khadeeja,9,10,19
f,lanasia,9,10,19
f,landen,9,10,19
f,lanee,9,10,19
f,latifa,9,10,19
f,lexee,9,10,19
f,liliahna,9,10,19
f,liliani,9,10,19
f,mahrosh,9,10,19
f,makinleigh,9,10,19
f,meritt,9,10,19
f,missy,9,10,19
f,muslima,9,10,19
f,oceane,9,10,19
f,poetry,9,10,19
f,quetzally,9,10,19
f,raiza,9,10,19
f,rhegan,9,10,19
f,riot,9,10,19
f,roizy,9,10,19
f,rola,9,10,19
f,samyiah,9,10,19
f,santanna,9,10,19
f,sare,9,10,19
f,secilia,9,10,19
f,selia,9,10,19
f,sultana,9,10,19
f,suriya,9,10,19
f,suriyah,9,10,19
f,tiona,9,10,19
f,tzippy,9,10,19
f,yudith,9,10,19
f,zanae,9,10,19
f,zawadi,9,10,19
f,zeta,9,10,19
f,adlynn,8,11,19
f,amrutha,8,11,19
f,andreanna,8,11,19
f,annalena,8,11,19
f,aoi,8,11,19
f,asal,8,11,19
f,atleigh,8,11,19
f,breighlyn,8,11,19
f,cashlynn,8,11,19
f,cassady,8,11,19
f,demaya,8,11,19
f,diamonique,8,11,19
f,dreyah,8,11,19
f,eliz,8,11,19
f,farzona,8,11,19
f,fayelynn,8,11,19
f,gabbie,8,11,19
f,glenna,8,11,19
f,gurbani,8,11,19
f,gwendalynn,8,11,19
f,jaleeah,8,11,19
f,jordie,8,11,19
f,jrue,8,11,19
f,kalanie,8,11,19
f,kanna,8,11,19
f,keliana,8,11,19
f,lavaeh,8,11,19
f,libi,8,11,19
f,lindsy,8,11,19
f,lucielle,8,11,19
f,luke,8,11,19
f,lyrah,8,11,19
f,madiha,8,11,19
f,makaylynn,8,11,19
f,marivel,8,11,19
f,marylyn,8,11,19
f,marzia,8,11,19
f,massiel,8,11,19
f,mattalynn,8,11,19
f,milaysia,8,11,19
f,misaki,8,11,19
f,mubina,8,11,19
f,nadezhda,8,11,19
f,nataliyah,8,11,19
f,nayvee,8,11,19
f,nehemie,8,11,19
f,nithila,8,11,19
f,rakiya,8,11,19
f,raylei,8,11,19
f,rayvin,8,11,19
f,ronin,8,11,19
f,sarahann,8,11,19
f,sarya,8,11,19
f,seraiah,8,11,19
f,sharla,8,11,19
f,shawnee,8,11,19
f,siyana,8,11,19
f,taara,8,11,19
f,terry,8,11,19
f,trinnity,8,11,19
f,venecia,8,11,19
f,yamina,8,11,19
f,zalea,8,11,19
f,aylanie,7,12,19
f,cortlyn,7,12,19
f,delayne,7,12,19
f,dezlyn,7,12,19
f,edythe,7,12,19
f,ellorie,7,12,19
f,gabriana,7,12,19
f,honestie,7,12,19
f,ishitha,7,12,19
f,jiaqi,7,12,19
f,josee,7,12,19
f,kailiana,7,12,19
f,kamarii,7,12,19
f,kiylee,7,12,19
f,kmari,7,12,19
f,lauretta,7,12,19
f,lenya,7,12,19
f,makailah,7,12,19
f,maley,7,12,19
f,meryn,7,12,19
f,nazariah,7,12,19
f,paiten,7,12,19
f,posie,7,12,19
f,raea,7,12,19
f,rosealyn,7,12,19
f,samreet,7,12,19
f,setayesh,7,12,19
f,wells,7,12,19
f,zarrah,7,12,19
f,amalee,6,13,19
f,bettina,6,13,19
f,caren,6,13,19
f,jocabed,6,13,19
f,khiana,6,13,19
f,lavonna,6,13,19
f,lunah,6,13,19
f,malu,6,13,19
f,melinna,6,13,19
f,molleigh,6,13,19
f,nazanin,6,13,19
f,roosevelt,6,13,19
f,abia,5,14,19
f,ahnika,5,14,19
f,ayris,5,14,19
f,ellisa,5,14,19
f,krishika,5,14,19
f,legacee,5,14,19
f,macklynn,5,14,19
f,milca,5,14,19
f,nahiara,5,14,19
f,thia,5,14,19
f,xiamara,5,14,19
m,demonta,14,5,19
m,jameison,14,5,19
m,joriel,14,5,19
m,kaylin,14,5,19
m,miliano,14,5,19
m,raza,14,5,19
m,shaye,14,5,19
m,tosh,14,5,19
m,amour,13,6,19
m,axavier,13,6,19
m,bertram,13,6,19
m,cullin,13,6,19
m,daequan,13,6,19
m,dezmen,13,6,19
m,early,13,6,19
m,emilian,13,6,19
m,essam,13,6,19
m,hiroto,13,6,19
m,johnwilliam,13,6,19
m,juddson,13,6,19
m,juniper,13,6,19
m,kap,13,6,19
m,nihar,13,6,19
m,sender,13,6,19
m,ajan,12,7,19
m,aldrick,12,7,19
m,arkin,12,7,19
m,balin,12,7,19
m,basilio,12,7,19
m,brenan,12,7,19
m,cardin,12,7,19
m,corran,12,7,19
m,darcy,12,7,19
m,elin,12,7,19
m,fabrice,12,7,19
m,gaurav,12,7,19
m,hobbes,12,7,19
m,jahmai,12,7,19
m,jamoni,12,7,19
m,jayen,12,7,19
m,jaysin,12,7,19
m,kennen,12,7,19
m,kymere,12,7,19
m,mete,12,7,19
m,nickolaus,12,7,19
m,abyan,11,8,19
m,adedayo,11,8,19
m,adom,11,8,19
m,andrews,11,8,19
m,aryash,11,8,19
m,averie,11,8,19
m,awesome,11,8,19
m,bairon,11,8,19
m,bay,11,8,19
m,bergen,11,8,19
m,brysten,11,8,19
m,clayten,11,8,19
m,croy,11,8,19
m,daiden,11,8,19
m,damarrion,11,8,19
m,declen,11,8,19
m,derric,11,8,19
m,deveon,11,8,19
m,dorion,11,8,19
m,jazon,11,8,19
m,jhovany,11,8,19
m,kayler,11,8,19
m,kayo,11,8,19
m,kedric,11,8,19
m,kimber,11,8,19
m,kylee,11,8,19
m,lenix,11,8,19
m,maclain,11,8,19
m,maika,11,8,19
m,maleki,11,8,19
m,marque,11,8,19
m,radin,11,8,19
m,riven,11,8,19
m,yuan,11,8,19
m,zuhair,11,8,19
m,alhasan,10,9,19
m,aliou,10,9,19
m,andra,10,9,19
m,bassel,10,9,19
m,bhargav,10,9,19
m,bralynn,10,9,19
m,brees,10,9,19
m,bricyn,10,9,19
m,candelario,10,9,19
m,davison,10,9,19
m,dawayne,10,9,19
m,eashan,10,9,19
m,eilan,10,9,19
m,elijahjames,10,9,19
m,giomar,10,9,19
m,glory,10,9,19
m,hakan,10,9,19
m,hieu,10,9,19
m,huber,10,9,19
m,janziel,10,9,19
m,javarius,10,9,19
m,jeovany,10,9,19
m,keaten,10,9,19
m,kendarius,10,9,19
m,kingson,10,9,19
m,kordae,10,9,19
m,kwasi,10,9,19
m,lathen,10,9,19
m,martavion,10,9,19
m,meeko,10,9,19
m,michale,10,9,19
m,miciah,10,9,19
m,nachum,10,9,19
m,niranjan,10,9,19
m,nivan,10,9,19
m,orhan,10,9,19
m,osborne,10,9,19
m,qusay,10,9,19
m,rollo,10,9,19
m,rueger,10,9,19
m,serigne,10,9,19
m,tryton,10,9,19
m,winson,10,9,19
m,zorion,10,9,19
m,ahmaad,9,10,19
m,andrej,9,10,19
m,andriy,9,10,19
m,arno,9,10,19
m,arson,9,10,19
m,ashaz,9,10,19
m,ashford,9,10,19
m,avel,9,10,19
m,beaumont,9,10,19
m,briton,9,10,19
m,carroll,9,10,19
m,chetan,9,10,19
m,cirilo,9,10,19
m,cordale,9,10,19
m,darel,9,10,19
m,daveion,9,10,19
m,daxter,9,10,19
m,demetre,9,10,19
m,eilam,9,10,19
m,fitzpatrick,9,10,19
m,gerrard,9,10,19
m,gianlucca,9,10,19
m,hobie,9,10,19
m,isaiyah,9,10,19
m,issachar,9,10,19
m,jaevin,9,10,19
m,jasraj,9,10,19
m,jaymir,9,10,19
m,jersey,9,10,19
m,joeangel,9,10,19
m,jolan,9,10,19
m,jossue,9,10,19
m,kagen,9,10,19
m,kalijah,9,10,19
m,kaylob,9,10,19
m,kerrick,9,10,19
m,kinley,9,10,19
m,kiron,9,10,19
m,leibish,9,10,19
m,liahm,9,10,19
m,masiyah,9,10,19
m,mccrae,9,10,19
m,millard,9,10,19
m,mukund,9,10,19
m,nyeem,9,10,19
m,oli,9,10,19
m,paysen,9,10,19
m,quinnton,9,10,19
m,raad,9,10,19
m,raunak,9,10,19
m,reznor,9,10,19
m,rhonan,9,10,19
m,soul,9,10,19
m,tavarius,9,10,19
m,thornton,9,10,19
m,trevis,9,10,19
m,varick,9,10,19
m,yaphet,9,10,19
m,yousof,9,10,19
m,yovanny,9,10,19
m,zayin,9,10,19
m,zyren,9,10,19
m,alyus,8,11,19
m,ashden,8,11,19
m,ayomikun,8,11,19
m,braeson,8,11,19
m,cezar,8,11,19
m,chanan,8,11,19
m,chett,8,11,19
m,cosme,8,11,19
m,daelin,8,11,19
m,elijha,8,11,19
m,elston,8,11,19
m,eon,8,11,19
m,harel,8,11,19
m,ivon,8,11,19
m,jaston,8,11,19
m,kayzen,8,11,19
m,keenen,8,11,19
m,koehn,8,11,19
m,lijah,8,11,19
m,lj,8,11,19
m,maguire,8,11,19
m,meziah,8,11,19
m,naszir,8,11,19
m,pate,8,11,19
m,polo,8,11,19
m,robben,8,11,19
m,ryann,8,11,19
m,tamer,8,11,19
m,tyrice,8,11,19
m,vayden,8,11,19
m,vihaanreddy,8,11,19
m,yashua,8,11,19
m,yeudiel,8,11,19
m,zaccai,8,11,19
m,zekiah,8,11,19
m,aashir,7,12,19
m,ademide,7,12,19
m,alexio,7,12,19
m,ashir,7,12,19
m,branston,7,12,19
m,cashtyn,7,12,19
m,decarlos,7,12,19
m,del,7,12,19
m,dorlan,7,12,19
m,dudley,7,12,19
m,ennis,7,12,19
m,hades,7,12,19
m,hamze,7,12,19
m,jari,7,12,19
m,javid,7,12,19
m,jerian,7,12,19
m,jerren,7,12,19
m,joram,7,12,19
m,josafat,7,12,19
m,joven,7,12,19
m,kemoni,7,12,19
m,khiyan,7,12,19
m,lorcan,7,12,19
m,lynk,7,12,19
m,mukhtar,7,12,19
m,platon,7,12,19
m,raheel,7,12,19
m,richardo,7,12,19
m,ritvik,7,12,19
m,rosalio,7,12,19
m,shine,7,12,19
m,tison,7,12,19
m,toussaint,7,12,19
m,whitney,7,12,19
m,yehia,7,12,19
m,yonas,7,12,19
m,york,7,12,19
m,zadiel,7,12,19
m,auggie,6,13,19
m,chan,6,13,19
m,efe,6,13,19
m,emerald,6,13,19
m,johanan,6,13,19
m,kaikoa,6,13,19
m,kyriee,6,13,19
m,lorin,6,13,19
m,mansoor,6,13,19
m,michah,6,13,19
m,nylen,6,13,19
m,onix,6,13,19
m,romulo,6,13,19
m,vergil,6,13,19
m,zymeir,6,13,19
m,alik,5,14,19
m,chaynce,5,14,19
m,ehab,5,14,19
m,ezri,5,14,19
m,issaiah,5,14,19
m,jedrek,5,14,19
m,kaien,5,14,19
m,mahmud,5,14,19
m,meilech,5,14,19
m,richardson,5,14,19
f,alan,13,5,18
f,autry,13,5,18
f,briell,13,5,18
f,daliya,13,5,18
f,elenie,13,5,18
f,jahara,13,5,18
f,jaydan,13,5,18
f,leea,13,5,18
f,meiling,13,5,18
f,melat,13,5,18
f,mikela,13,5,18
f,nataya,13,5,18
f,siani,13,5,18
f,tionne,13,5,18
f,adalis,12,6,18
f,aileana,12,6,18
f,anwen,12,6,18
f,aubrina,12,6,18
f,aubrynn,12,6,18
f,bethanny,12,6,18
f,bristyl,12,6,18
f,dalaya,12,6,18
f,daylyn,12,6,18
f,delaynie,12,6,18
f,demiana,12,6,18
f,elianie,12,6,18
f,ellyssa,12,6,18
f,galina,12,6,18
f,grethel,12,6,18
f,haidee,12,6,18
f,janita,12,6,18
f,jerney,12,6,18
f,jeselle,12,6,18
f,jniyah,12,6,18
f,kaleeah,12,6,18
f,kamalani,12,6,18
f,kathaleya,12,6,18
f,keiley,12,6,18
f,kendel,12,6,18
f,kilah,12,6,18
f,kynadi,12,6,18
f,mackenize,12,6,18
f,makaylyn,12,6,18
f,mikella,12,6,18
f,milanna,12,6,18
f,nazly,12,6,18
f,ovi,12,6,18
f,paiden,12,6,18
f,prosperity,12,6,18
f,rosana,12,6,18
f,rosealee,12,6,18
f,seher,12,6,18
f,soffia,12,6,18
f,taia,12,6,18
f,teliyah,12,6,18
f,ward,12,6,18
f,zhoe,12,6,18
f,aaisha,11,7,18
f,aarielle,11,7,18
f,aariyana,11,7,18
f,alaira,11,7,18
f,aleese,11,7,18
f,amanii,11,7,18
f,anahli,11,7,18
f,annabellee,11,7,18
f,ayrianna,11,7,18
f,azmina,11,7,18
f,braeley,11,7,18
f,braley,11,7,18
f,channel,11,7,18
f,cherysh,11,7,18
f,daizee,11,7,18
f,demri,11,7,18
f,donya,11,7,18
f,drishti,11,7,18
f,emberlin,11,7,18
f,esti,11,7,18
f,fynleigh,11,7,18
f,gabriell,11,7,18
f,gita,11,7,18
f,haydyn,11,7,18
f,hazelee,11,7,18
f,irianna,11,7,18
f,ivylynn,11,7,18
f,jalene,11,7,18
f,jalise,11,7,18
f,janyia,11,7,18
f,jasslyn,11,7,18
f,julliana,11,7,18
f,jurney,11,7,18
f,kaleiyah,11,7,18
f,kallen,11,7,18
f,kandi,11,7,18
f,kaydince,11,7,18
f,kessa,11,7,18
f,kimiya,11,7,18
f,lennex,11,7,18
f,mansirat,11,7,18
f,meeah,11,7,18
f,mellany,11,7,18
f,mikiah,11,7,18
f,mylea,11,7,18
f,nadalynn,11,7,18
f,naeema,11,7,18
f,nerea,11,7,18
f,nyarai,11,7,18
f,ranae,11,7,18
f,sada,11,7,18
f,sammantha,11,7,18
f,shanley,11,7,18
f,steele,11,7,18
f,vannah,11,7,18
f,winner,11,7,18
f,yalini,11,7,18
f,yareth,11,7,18
f,abeer,10,8,18
f,aerie,10,8,18
f,aleksia,10,8,18
f,amarys,10,8,18
f,angelys,10,8,18
f,ankita,10,8,18
f,annalyssa,10,8,18
f,atlantis,10,8,18
f,beckley,10,8,18
f,caiyah,10,8,18
f,chyler,10,8,18
f,collier,10,8,18
f,delayni,10,8,18
f,elliannah,10,8,18
f,emmajane,10,8,18
f,enslee,10,8,18
f,graciana,10,8,18
f,haydn,10,8,18
f,henya,10,8,18
f,ilee,10,8,18
f,jaidy,10,8,18
f,jayceona,10,8,18
f,jayelle,10,8,18
f,jayleene,10,8,18
f,jesus,10,8,18
f,kaly,10,8,18
f,kataleia,10,8,18
f,kati,10,8,18
f,keerthi,10,8,18
f,kemiya,10,8,18
f,kendahl,10,8,18
f,klee,10,8,18
f,lannah,10,8,18
f,leahmarie,10,8,18
f,leala,10,8,18
f,liseth,10,8,18
f,liyat,10,8,18
f,liylah,10,8,18
f,loany,10,8,18
f,lynzi,10,8,18
f,maire,10,8,18
f,makaiya,10,8,18
f,marlana,10,8,18
f,marleah,10,8,18
f,miriah,10,8,18
f,nalina,10,8,18
f,natanya,10,8,18
f,naveyah,10,8,18
f,nema,10,8,18
f,oceanna,10,8,18
f,payzlie,10,8,18
f,prajna,10,8,18
f,raiyah,10,8,18
f,raye,10,8,18
f,rodina,10,8,18
f,rozalia,10,8,18
f,sabriya,10,8,18
f,sahiba,10,8,18
f,sebrina,10,8,18
f,shaden,10,8,18
f,shadow,10,8,18
f,surya,10,8,18
f,taeya,10,8,18
f,talasia,10,8,18
f,talise,10,8,18
f,tamzyn,10,8,18
f,tereza,10,8,18
f,thaleia,10,8,18
f,yarieliz,10,8,18
f,aalaysia,9,9,18
f,adalise,9,9,18
f,aleshka,9,9,18
f,alexsia,9,9,18
f,allyna,9,9,18
f,alyena,9,9,18
f,amelianna,9,9,18
f,angelle,9,9,18
f,annaston,9,9,18
f,azaliyah,9,9,18
f,beryl,9,9,18
f,bianey,9,9,18
f,brycelynn,9,9,18
f,bryonna,9,9,18
f,cayli,9,9,18
f,celestial,9,9,18
f,cyriah,9,9,18
f,damara,9,9,18
f,danyah,9,9,18
f,dashley,9,9,18
f,davine,9,9,18
f,denice,9,9,18
f,elisse,9,9,18
f,elke,9,9,18
f,ellenora,9,9,18
f,ellinore,9,9,18
f,evarose,9,9,18
f,ferris,9,9,18
f,gianina,9,9,18
f,gilda,9,9,18
f,gracieann,9,9,18
f,hadyn,9,9,18
f,hanaan,9,9,18
f,hanifa,9,9,18
f,henlie,9,9,18
f,hikma,9,9,18
f,ikram,9,9,18
f,illeana,9,9,18
f,isella,9,9,18
f,izamar,9,9,18
f,jamyrah,9,9,18
f,jasiel,9,9,18
f,jeri,9,9,18
f,jhanvi,9,9,18
f,jocee,9,9,18
f,karielle,9,9,18
f,karinna,9,9,18
f,kleo,9,9,18
f,kosisochukwu,9,9,18
f,kriya,9,9,18
f,kyani,9,9,18
f,kyann,9,9,18
f,laianna,9,9,18
f,laini,9,9,18
f,lala,9,9,18
f,lanier,9,9,18
f,laylonnie,9,9,18
f,lazariah,9,9,18
f,lilliona,9,9,18
f,loni,9,9,18
f,loza,9,9,18
f,lucette,9,9,18
f,lynniah,9,9,18
f,lynzee,9,9,18
f,makailyn,9,9,18
f,malory,9,9,18
f,mavery,9,9,18
f,meliya,9,9,18
f,naomii,9,9,18
f,ndeye,9,9,18
f,oasis,9,9,18
f,oliana,9,9,18
f,omni,9,9,18
f,oni,9,9,18
f,rafeef,9,9,18
f,rigby,9,9,18
f,saima,9,9,18
f,silas,9,9,18
f,sita,9,9,18
f,soul,9,9,18
f,symphonie,9,9,18
f,taetum,9,9,18
f,taleya,9,9,18
f,talulla,9,9,18
f,tilden,9,9,18
f,veida,9,9,18
f,zaelee,9,9,18
f,zyann,9,9,18
f,adalai,8,10,18
f,afsheen,8,10,18
f,ajooni,8,10,18
f,aliany,8,10,18
f,alithea,8,10,18
f,amiee,8,10,18
f,anyela,8,10,18
f,apolline,8,10,18
f,aracelli,8,10,18
f,arlington,8,10,18
f,arrington,8,10,18
f,arshika,8,10,18
f,atalaya,8,10,18
f,avya,8,10,18
f,baylyn,8,10,18
f,bronte,8,10,18
f,charlieann,8,10,18
f,cobi,8,10,18
f,daiya,8,10,18
f,deztiny,8,10,18
f,ebunoluwa,8,10,18
f,elisheba,8,10,18
f,elliemay,8,10,18
f,elmina,8,10,18
f,elyanah,8,10,18
f,evalie,8,10,18
f,evlynn,8,10,18
f,giuliette,8,10,18
f,hazeleigh,8,10,18
f,hiliana,8,10,18
f,iremide,8,10,18
f,irish,8,10,18
f,isobella,8,10,18
f,jaidence,8,10,18
f,jakylah,8,10,18
f,jenisha,8,10,18
f,jiyah,8,10,18
f,jocilyn,8,10,18
f,joylynn,8,10,18
f,kandyce,8,10,18
f,kasiyah,8,10,18
f,keena,8,10,18
f,kinzi,8,10,18
f,kourtni,8,10,18
f,linsy,8,10,18
f,lonna,8,10,18
f,luxe,8,10,18
f,madinah,8,10,18
f,maebree,8,10,18
f,mahek,8,10,18
f,makari,8,10,18
f,makaylie,8,10,18
f,marialuisa,8,10,18
f,mariapaula,8,10,18
f,mariavictoria,8,10,18
f,marriah,8,10,18
f,mayim,8,10,18
f,mel,8,10,18
f,miaya,8,10,18
f,mirely,8,10,18
f,miyu,8,10,18
f,muntas,8,10,18
f,nyemah,8,10,18
f,nyna,8,10,18
f,prachi,8,10,18
f,pranika,8,10,18
f,raela,8,10,18
f,raima,8,10,18
f,rakeb,8,10,18
f,ramey,8,10,18
f,rejoice,8,10,18
f,rhilyn,8,10,18
f,saraiya,8,10,18
f,shayleen,8,10,18
f,talena,8,10,18
f,tilia,8,10,18
f,tove,8,10,18
f,yazlyn,8,10,18
f,zema,8,10,18
f,zera,8,10,18
f,zurri,8,10,18
f,aaila,7,11,18
f,aashika,7,11,18
f,afifa,7,11,18
f,ahmiracle,7,11,18
f,ahonesty,7,11,18
f,alanee,7,11,18
f,amaal,7,11,18
f,amma,7,11,18
f,anastasija,7,11,18
f,annalyce,7,11,18
f,aracelis,7,11,18
f,avilene,7,11,18
f,azel,7,11,18
f,briona,7,11,18
f,brynlei,7,11,18
f,charlierose,7,11,18
f,dailah,7,11,18
f,desarae,7,11,18
f,draizy,7,11,18
f,elaynah,7,11,18
f,faizah,7,11,18
f,fenix,7,11,18
f,fortune,7,11,18
f,ionna,7,11,18
f,jaloni,7,11,18
f,jaryah,7,11,18
f,jazyiah,7,11,18
f,johnny,7,11,18
f,kaede,7,11,18
f,kalisa,7,11,18
f,kirstin,7,11,18
f,laraya,7,11,18
f,leddy,7,11,18
f,leslye,7,11,18
f,lizandra,7,11,18
f,luann,7,11,18
f,makyia,7,11,18
f,maymuna,7,11,18
f,melaya,7,11,18
f,mickaela,7,11,18
f,mileidy,7,11,18
f,nadja,7,11,18
f,nali,7,11,18
f,oralia,7,11,18
f,pax,7,11,18
f,pranisha,7,11,18
f,renatha,7,11,18
f,renlee,7,11,18
f,salayah,7,11,18
f,saralynn,7,11,18
f,shine,7,11,18
f,sylvanna,7,11,18
f,xin,7,11,18
f,adrika,6,12,18
f,alonnie,6,12,18
f,amyrie,6,12,18
f,aneri,6,12,18
f,bemnet,6,12,18
f,bennie,6,12,18
f,camielle,6,12,18
f,chani,6,12,18
f,emberli,6,12,18
f,fatimazahra,6,12,18
f,fox,6,12,18
f,justis,6,12,18
f,kaegan,6,12,18
f,karlin,6,12,18
f,karyssa,6,12,18
f,keli,6,12,18
f,mahogani,6,12,18
f,manessa,6,12,18
f,rukia,6,12,18
f,sadiemae,6,12,18
f,sophiana,6,12,18
f,yuritza,6,12,18
f,yutong,6,12,18
f,audreyana,5,13,18
f,azelea,5,13,18
f,czarina,5,13,18
f,dailey,5,13,18
f,jahari,5,13,18
f,kaileia,5,13,18
f,kamaree,5,13,18
f,khailee,5,13,18
f,kota,5,13,18
f,loriel,5,13,18
f,thaily,5,13,18
f,trishika,5,13,18
f,zaylani,5,13,18
f,ziyon,5,13,18
m,abdikadir,13,5,18
m,aceton,13,5,18
m,bronc,13,5,18
m,copen,13,5,18
m,dujuan,13,5,18
m,elohim,13,5,18
m,flynt,13,5,18
m,jorell,13,5,18
m,kamau,13,5,18
m,kayd,13,5,18
m,keylin,13,5,18
m,kiah,13,5,18
m,mahamadou,13,5,18
m,addiel,12,6,18
m,adit,12,6,18
m,alarick,12,6,18
m,ayeden,12,6,18
m,bashar,12,6,18
m,benno,12,6,18
m,dennys,12,6,18
m,dhani,12,6,18
m,jaze,12,6,18
m,jden,12,6,18
m,jesper,12,6,18
m,kayston,12,6,18
m,kendan,12,6,18
m,reily,12,6,18
m,saahil,12,6,18
m,solan,12,6,18
m,tank,12,6,18
m,tighe,12,6,18
m,val,12,6,18
m,wyat,12,6,18
m,aeneas,11,7,18
m,amitai,11,7,18
m,angelino,11,7,18
m,aybel,11,7,18
m,azreal,11,7,18
m,bleu,11,7,18
m,caysin,11,7,18
m,cobie,11,7,18
m,crewe,11,7,18
m,edras,11,7,18
m,emrik,11,7,18
m,ennio,11,7,18
m,gardner,11,7,18
m,hektor,11,7,18
m,ion,11,7,18
m,izel,11,7,18
m,jamiel,11,7,18
m,jaymian,11,7,18
m,jaymz,11,7,18
m,joeziah,11,7,18
m,kavari,11,7,18
m,keivon,11,7,18
m,khrystian,11,7,18
m,khylon,11,7,18
m,kim,11,7,18
m,klayten,11,7,18
m,lakeland,11,7,18
m,livingston,11,7,18
m,mahlik,11,7,18
m,maycen,11,7,18
m,nixxon,11,7,18
m,piers,11,7,18
m,seiji,11,7,18
m,shadow,11,7,18
m,vyan,11,7,18
m,yusha,11,7,18
m,zyad,11,7,18
m,aaro,10,8,18
m,abdi,10,8,18
m,aerion,10,8,18
m,anthem,10,8,18
m,astin,10,8,18
m,azhar,10,8,18
m,blayde,10,8,18
m,cobey,10,8,18
m,dametrius,10,8,18
m,davier,10,8,18
m,dmani,10,8,18
m,dray,10,8,18
m,eisen,10,8,18
m,erez,10,8,18
m,fabien,10,8,18
m,harrington,10,8,18
m,icker,10,8,18
m,indio,10,8,18
m,jahvon,10,8,18
m,jamani,10,8,18
m,jefry,10,8,18
m,johnie,10,8,18
m,kairen,10,8,18
m,kashten,10,8,18
m,kerwin,10,8,18
m,kholton,10,8,18
m,khyden,10,8,18
m,kotaro,10,8,18
m,leonell,10,8,18
m,lyriq,10,8,18
m,manan,10,8,18
m,martrell,10,8,18
m,prinston,10,8,18
m,rachit,10,8,18
m,rafay,10,8,18
m,riccardo,10,8,18
m,romulus,10,8,18
m,sarah,10,8,18
m,scot,10,8,18
m,suhan,10,8,18
m,tonny,10,8,18
m,trevell,10,8,18
m,ulyses,10,8,18
m,wilford,10,8,18
m,winton,10,8,18
m,yacob,10,8,18
m,abdulraheem,9,9,18
m,aison,9,9,18
m,alonte,9,9,18
m,avelino,9,9,18
m,barett,9,9,18
m,brasen,9,9,18
m,chikamso,9,9,18
m,cung,9,9,18
m,cyree,9,9,18
m,diontae,9,9,18
m,divyansh,9,9,18
m,dontavius,9,9,18
m,edsel,9,9,18
m,elih,9,9,18
m,ermias,9,9,18
m,evelio,9,9,18
m,exton,9,9,18
m,gad,9,9,18
m,inman,9,9,18
m,jasaiah,9,9,18
m,jaseon,9,9,18
m,jazhiel,9,9,18
m,jeramyah,9,9,18
m,jeremia,9,9,18
m,jerrel,9,9,18
m,jessi,9,9,18
m,jovin,9,9,18
m,julious,9,9,18
m,kellyn,9,9,18
m,keron,9,9,18
m,khoen,9,9,18
m,koltan,9,9,18
m,korver,9,9,18
m,kyel,9,9,18
m,matin,9,9,18
m,mayjor,9,9,18
m,mihail,9,9,18
m,oneal,9,9,18
m,ovadia,9,9,18
m,paarth,9,9,18
m,padraic,9,9,18
m,prentiss,9,9,18
m,rahmel,9,9,18
m,rigley,9,9,18
m,rosco,9,9,18
m,sena,9,9,18
m,smayan,9,9,18
m,soma,9,9,18
m,tanvir,9,9,18
m,tashaun,9,9,18
m,teancum,9,9,18
m,thailand,9,9,18
m,treyce,9,9,18
m,tuan,9,9,18
m,winchester,9,9,18
m,wyman,9,9,18
m,yuriy,9,9,18
m,zai,9,9,18
m,zakiah,9,9,18
m,zeddicus,9,9,18
m,zyeir,9,9,18
m,zymire,9,9,18
m,abid,8,10,18
m,agasthya,8,10,18
m,antwoine,8,10,18
m,aqib,8,10,18
m,ashtan,8,10,18
m,ayvin,8,10,18
m,breylen,8,10,18
m,bud,8,10,18
m,cire,8,10,18
m,coley,8,10,18
m,dakarri,8,10,18
m,demarrion,8,10,18
m,destan,8,10,18
m,dharius,8,10,18
m,diamante,8,10,18
m,diante,8,10,18
m,drayke,8,10,18
m,edwar,8,10,18
m,elizeo,8,10,18
m,hendry,8,10,18
m,inioluwa,8,10,18
m,jader,8,10,18
m,jahsai,8,10,18
m,jaki,8,10,18
m,jamall,8,10,18
m,jamare,8,10,18
m,jaxsun,8,10,18
m,joas,8,10,18
m,kaelin,8,10,18
m,keison,8,10,18
m,keiton,8,10,18
m,kendriel,8,10,18
m,kj,8,10,18
m,kratos,8,10,18
m,kyston,8,10,18
m,lewi,8,10,18
m,lon,8,10,18
m,macksen,8,10,18
m,mahid,8,10,18
m,maysin,8,10,18
m,mikyle,8,10,18
m,nathon,8,10,18
m,nyko,8,10,18
m,oday,8,10,18
m,parthiv,8,10,18
m,prish,8,10,18
m,ravon,8,10,18
m,raymone,8,10,18
m,remo,8,10,18
m,renan,8,10,18
m,royston,8,10,18
m,rylyn,8,10,18
m,saabir,8,10,18
m,samil,8,10,18
m,shray,8,10,18
m,shyam,8,10,18
m,sigmund,8,10,18
m,sirus,8,10,18
m,sun,8,10,18
m,thackery,8,10,18
m,vishan,8,10,18
m,xachary,8,10,18
m,yogi,8,10,18
m,zaquan,8,10,18
m,allyn,7,11,18
m,aniken,7,11,18
m,aryen,7,11,18
m,augie,7,11,18
m,blessed,7,11,18
m,britten,7,11,18
m,carrson,7,11,18
m,davari,7,11,18
m,demarian,7,11,18
m,dhruvan,7,11,18
m,ethanjames,7,11,18
m,fanuel,7,11,18
m,gamble,7,11,18
m,grayer,7,11,18
m,graysyn,7,11,18
m,huntington,7,11,18
m,kallin,7,11,18
m,kenna,7,11,18
m,kodey,7,11,18
m,lavin,7,11,18
m,mishael,7,11,18
m,mung,7,11,18
m,powell,7,11,18
m,rasheem,7,11,18
m,sabri,7,11,18
m,sael,7,11,18
m,samyar,7,11,18
m,tamar,7,11,18
m,tavien,7,11,18
m,tray,7,11,18
m,xylan,7,11,18
m,zidaan,7,11,18
m,alyjah,6,12,18
m,arafat,6,12,18
m,berel,6,12,18
m,daley,6,12,18
m,dillen,6,12,18
m,edon,6,12,18
m,elwyn,6,12,18
m,herson,6,12,18
m,hykeem,6,12,18
m,iyad,6,12,18
m,judea,6,12,18
m,kaian,6,12,18
m,khalib,6,12,18
m,krishan,6,12,18
m,kwaku,6,12,18
m,mohan,6,12,18
m,muscab,6,12,18
m,nazeer,6,12,18
m,rhyett,6,12,18
m,shivank,6,12,18
m,takota,6,12,18
m,taseen,6,12,18
m,vinay,6,12,18
m,waylyn,6,12,18
m,zandyr,6,12,18
m,atzel,5,13,18
m,aureliano,5,13,18
m,avitaj,5,13,18
m,curry,5,13,18
m,kaynon,5,13,18
m,koleman,5,13,18
m,murdock,5,13,18
m,naitik,5,13,18
m,ramin,5,13,18
m,rhet,5,13,18
m,vardaan,5,13,18
f,adylyn,12,5,17
f,alailah,12,5,17
f,alexya,12,5,17
f,alicea,12,5,17
f,allanna,12,5,17
f,andrianna,12,5,17
f,antionette,12,5,17
f,aymee,12,5,17
f,brittain,12,5,17
f,calais,12,5,17
f,calyssa,12,5,17
f,carisa,12,5,17
f,danity,12,5,17
f,ellisen,12,5,17
f,estefanny,12,5,17
f,henzley,12,5,17
f,janee,12,5,17
f,jeilani,12,5,17
f,joannah,12,5,17
f,juliani,12,5,17
f,kalisi,12,5,17
f,latisha,12,5,17
f,mckaela,12,5,17
f,ramaya,12,5,17
f,rosibel,12,5,17
f,sacha,12,5,17
f,sarra,12,5,17
f,starling,12,5,17
f,terriyah,12,5,17
f,timea,12,5,17
f,abeera,11,6,17
f,allisen,11,6,17
f,annalucia,11,6,17
f,arzu,11,6,17
f,azelle,11,6,17
f,caralina,11,6,17
f,cariyah,11,6,17
f,carlena,11,6,17
f,celest,11,6,17
f,channah,11,6,17
f,daryana,11,6,17
f,dhrithi,11,6,17
f,dusti,11,6,17
f,dylanie,11,6,17
f,effy,11,6,17
f,eliyanna,11,6,17
f,ezmerelda,11,6,17
f,haylea,11,6,17
f,jannet,11,6,17
f,jeorgia,11,6,17
f,jeraldine,11,6,17
f,kalese,11,6,17
f,kaselyn,11,6,17
f,khloi,11,6,17
f,kimberli,11,6,17
f,kornelia,11,6,17
f,kynsli,11,6,17
f,laelani,11,6,17
f,lanita,11,6,17
f,lauralye,11,6,17
f,legna,11,6,17
f,leisel,11,6,17
f,linleigh,11,6,17
f,mckay,11,6,17
f,miyuki,11,6,17
f,mykala,11,6,17
f,niley,11,6,17
f,nyella,11,6,17
f,oneida,11,6,17
f,pallas,11,6,17
f,raelinn,11,6,17
f,rika,11,6,17
f,roslin,11,6,17
f,saranya,11,6,17
f,symphany,11,6,17
f,taimane,11,6,17
f,terah,11,6,17
f,tya,11,6,17
f,yoseline,11,6,17
f,aaryah,10,7,17
f,aliena,10,7,17
f,ameyaa,10,7,17
f,angeleah,10,7,17
f,anta,10,7,17
f,argelia,10,7,17
f,armina,10,7,17
f,aubrionna,10,7,17
f,bebe,10,7,17
f,carra,10,7,17
f,cereniti,10,7,17
f,charish,10,7,17
f,chelsee,10,7,17
f,coralei,10,7,17
f,daley,10,7,17
f,dalida,10,7,17
f,damyiah,10,7,17
f,dhalia,10,7,17
f,dublin,10,7,17
f,elisabella,10,7,17
f,elisandra,10,7,17
f,emmajo,10,7,17
f,evelyna,10,7,17
f,faithful,10,7,17
f,giani,10,7,17
f,hetvi,10,7,17
f,ivionna,10,7,17
f,jakai,10,7,17
f,jakia,10,7,17
f,kalany,10,7,17
f,kauri,10,7,17
f,kaylina,10,7,17
f,kemi,10,7,17
f,kendrah,10,7,17
f,ketsia,10,7,17
f,kimoni,10,7,17
f,kitty,10,7,17
f,larson,10,7,17
f,lavanya,10,7,17
f,leyan,10,7,17
f,liane,10,7,17
f,lilyona,10,7,17
f,luma,10,7,17
f,magaby,10,7,17
f,makalya,10,7,17
f,malaia,10,7,17
f,malarie,10,7,17
f,marciana,10,7,17
f,marykathryn,10,7,17
f,maryum,10,7,17
f,maye,10,7,17
f,naiah,10,7,17
f,niasia,10,7,17
f,pailyn,10,7,17
f,paylin,10,7,17
f,penelopi,10,7,17
f,peytin,10,7,17
f,pranshi,10,7,17
f,raffaella,10,7,17
f,sherilyn,10,7,17
f,shreshta,10,7,17
f,sinead,10,7,17
f,starlyn,10,7,17
f,suzan,10,7,17
f,tamra,10,7,17
f,timberlyn,10,7,17
f,vivyan,10,7,17
f,yalexa,10,7,17
f,yamile,10,7,17
f,yittel,10,7,17
f,yoali,10,7,17
f,adalinn,9,8,17
f,alilah,9,8,17
f,alita,9,8,17
f,allani,9,8,17
f,amberlie,9,8,17
f,andreyah,9,8,17
f,anjolie,9,8,17
f,anzleigh,9,8,17
f,arelyn,9,8,17
f,ary,9,8,17
f,athenna,9,8,17
f,avarey,9,8,17
f,ayaan,9,8,17
f,bellanie,9,8,17
f,brae,9,8,17
f,brendy,9,8,17
f,brentlee,9,8,17
f,brylea,9,8,17
f,brylinn,9,8,17
f,burkley,9,8,17
f,calirose,9,8,17
f,cartier,9,8,17
f,cayenne,9,8,17
f,chrissa,9,8,17
f,dailany,9,8,17
f,davinah,9,8,17
f,dilyn,9,8,17
f,dulcinea,9,8,17
f,edwina,9,8,17
f,elba,9,8,17
f,elham,9,8,17
f,emerlee,9,8,17
f,emmilia,9,8,17
f,espn,9,8,17
f,evalene,9,8,17
f,hamsini,9,8,17
f,hatice,9,8,17
f,jalah,9,8,17
f,jelina,9,8,17
f,jesalyn,9,8,17
f,joelly,9,8,17
f,journiee,9,8,17
f,kaeley,9,8,17
f,kalley,9,8,17
f,kateryna,9,8,17
f,keerat,9,8,17
f,keyleigh,9,8,17
f,kianah,9,8,17
f,kiyla,9,8,17
f,kynzee,9,8,17
f,lachelle,9,8,17
f,lailanie,9,8,17
f,laurelei,9,8,17
f,lennie,9,8,17
f,lizzet,9,8,17
f,loula,9,8,17
f,makana,9,8,17
f,makenli,9,8,17
f,marieme,9,8,17
f,marlina,9,8,17
f,marvelous,9,8,17
f,meriem,9,8,17
f,mikelle,9,8,17
f,navika,9,8,17
f,raeven,9,8,17
f,raivyn,9,8,17
f,rarity,9,8,17
f,royalle,9,8,17
f,rubina,9,8,17
f,sabryna,9,8,17
f,sheza,9,8,17
f,somer,9,8,17
f,sreya,9,8,17
f,suha,9,8,17
f,sumire,9,8,17
f,tamarah,9,8,17
f,tatem,9,8,17
f,teriyah,9,8,17
f,tessah,9,8,17
f,torin,9,8,17
f,ula,9,8,17
f,uriel,9,8,17
f,yi,9,8,17
f,aarini,8,9,17
f,adrita,8,9,17
f,airis,8,9,17
f,aleda,8,9,17
f,aliahna,8,9,17
f,amabel,8,9,17
f,ambellina,8,9,17
f,anay,8,9,17
f,annilee,8,9,17
f,annya,8,9,17
f,arline,8,9,17
f,arraya,8,9,17
f,ashlan,8,9,17
f,atiya,8,9,17
f,avian,8,9,17
f,ayslin,8,9,17
f,azarie,8,9,17
f,briyelle,8,9,17
f,cadee,8,9,17
f,carver,8,9,17
f,charlynn,8,9,17
f,dillan,8,9,17
f,elsbeth,8,9,17
f,emelly,8,9,17
f,emonii,8,9,17
f,enyla,8,9,17
f,eshani,8,9,17
f,gracin,8,9,17
f,helayna,8,9,17
f,holy,8,9,17
f,icelyn,8,9,17
f,jaley,8,9,17
f,jannelly,8,9,17
f,jannette,8,9,17
f,jaylianie,8,9,17
f,jazline,8,9,17
f,jenine,8,9,17
f,jhoselyn,8,9,17
f,khalina,8,9,17
f,khara,8,9,17
f,khyler,8,9,17
f,lessly,8,9,17
f,letha,8,9,17
f,lilliah,8,9,17
f,maloree,8,9,17
f,maniah,8,9,17
f,maribell,8,9,17
f,marybelle,8,9,17
f,maryfer,8,9,17
f,mayley,8,9,17
f,maylyn,8,9,17
f,mckenize,8,9,17
f,mery,8,9,17
f,najae,8,9,17
f,nalaysia,8,9,17
f,nareh,8,9,17
f,naw,8,9,17
f,neidy,8,9,17
f,noell,8,9,17
f,nylan,8,9,17
f,raidyn,8,9,17
f,rakel,8,9,17
f,realynn,8,9,17
f,revel,8,9,17
f,roselia,8,9,17
f,serenidy,8,9,17
f,sheyli,8,9,17
f,staci,8,9,17
f,stasia,8,9,17
f,teeghan,8,9,17
f,telia,8,9,17
f,tiaraoluwa,8,9,17
f,xiana,8,9,17
f,zanai,8,9,17
f,adea,7,10,17
f,adileigh,7,10,17
f,ailanie,7,10,17
f,aimi,7,10,17
f,ayliana,7,10,17
f,azora,7,10,17
f,baelynn,7,10,17
f,braniyah,7,10,17
f,brooklinn,7,10,17
f,cassidi,7,10,17
f,conleigh,7,10,17
f,dailee,7,10,17
f,delara,7,10,17
f,deslynn,7,10,17
f,ellawyn,7,10,17
f,evalise,7,10,17
f,fionnuala,7,10,17
f,helina,7,10,17
f,jazlynne,7,10,17
f,jhoana,7,10,17
f,joleah,7,10,17
f,juni,7,10,17
f,kayliegh,7,10,17
f,keirsten,7,10,17
f,kenlyn,7,10,17
f,klair,7,10,17
f,lavaya,7,10,17
f,linna,7,10,17
f,lucyanna,7,10,17
f,makenah,7,10,17
f,nathalya,7,10,17
f,noela,7,10,17
f,novali,7,10,17
f,nyrie,7,10,17
f,oluwatofunmi,7,10,17
f,paidyn,7,10,17
f,penelopy,7,10,17
f,pessel,7,10,17
f,ramata,7,10,17
f,samai,7,10,17
f,samarra,7,10,17
f,sanii,7,10,17
f,sharlette,7,10,17
f,shiori,7,10,17
f,suhavi,7,10,17
f,tavi,7,10,17
f,xiara,7,10,17
f,yareliz,7,10,17
f,yeraldin,7,10,17
f,zafirah,7,10,17
f,zanyia,7,10,17
f,zionah,7,10,17
f,aamna,6,11,17
f,addyline,6,11,17
f,aliaa,6,11,17
f,alleah,6,11,17
f,anelia,6,11,17
f,anjani,6,11,17
f,ariadnne,6,11,17
f,aroura,6,11,17
f,aydah,6,11,17
f,chanley,6,11,17
f,cyla,6,11,17
f,dalyah,6,11,17
f,danilyn,6,11,17
f,ellasandra,6,11,17
f,enedina,6,11,17
f,fynn,6,11,17
f,graylyn,6,11,17
f,harshitha,6,11,17
f,irha,6,11,17
f,jack,6,11,17
f,jamariah,6,11,17
f,jiah,6,11,17
f,kaliegh,6,11,17
f,karrah,6,11,17
f,keala,6,11,17
f,kiele,6,11,17
f,korri,6,11,17
f,kymiah,6,11,17
f,layann,6,11,17
f,leeloo,6,11,17
f,leyani,6,11,17
f,lucilia,6,11,17
f,maiara,6,11,17
f,miamore,6,11,17
f,moniece,6,11,17
f,muskan,6,11,17
f,namya,6,11,17
f,nely,6,11,17
f,nylani,6,11,17
f,oluwademilade,6,11,17
f,priyal,6,11,17
f,raeleen,6,11,17
f,ramyah,6,11,17
f,rema,6,11,17
f,roaa,6,11,17
f,romie,6,11,17
f,sadan,6,11,17
f,shatha,6,11,17
f,shayli,6,11,17
f,sua,6,11,17
f,synai,6,11,17
f,zyria,6,11,17
f,abisha,5,12,17
f,adonai,5,12,17
f,airah,5,12,17
f,alla,5,12,17
f,almas,5,12,17
f,alyria,5,12,17
f,amiri,5,12,17
f,annaley,5,12,17
f,betselot,5,12,17
f,cira,5,12,17
f,dalynn,5,12,17
f,deya,5,12,17
f,elinora,5,12,17
f,elliahna,5,12,17
f,ernestine,5,12,17
f,evalette,5,12,17
f,joelie,5,12,17
f,layaan,5,12,17
f,leara,5,12,17
f,onesty,5,12,17
f,paitlyn,5,12,17
f,rion,5,12,17
f,shanyla,5,12,17
f,solimar,5,12,17
f,traniyah,5,12,17
f,yazhini,5,12,17
f,zyleah,5,12,17
m,ananth,12,5,17
m,christobal,12,5,17
m,demarko,12,5,17
m,dominque,12,5,17
m,dwain,12,5,17
m,garvin,12,5,17
m,gunnison,12,5,17
m,issam,12,5,17
m,jentzen,12,5,17
m,jiro,12,5,17
m,koal,12,5,17
m,merick,12,5,17
m,ringo,12,5,17
m,rudi,12,5,17
m,shahzain,12,5,17
m,taisei,12,5,17
m,young,12,5,17
m,ahmadou,11,6,17
m,artavious,11,6,17
m,batu,11,6,17
m,breckan,11,6,17
m,christin,11,6,17
m,cuinn,11,6,17
m,declin,11,6,17
m,gianny,11,6,17
m,jakolby,11,6,17
m,jandel,11,6,17
m,jeet,11,6,17
m,jerek,11,6,17
m,joziyah,11,6,17
m,kingsly,11,6,17
m,klark,11,6,17
m,lukka,11,6,17
m,macarius,11,6,17
m,medhansh,11,6,17
m,mihran,11,6,17
m,olumide,11,6,17
m,phelan,11,6,17
m,quavon,11,6,17
m,raahim,11,6,17
m,remigio,11,6,17
m,shakeem,11,6,17
m,shomari,11,6,17
m,truxton,11,6,17
m,vale,11,6,17
m,yidel,11,6,17
m,zanden,11,6,17
m,agamjot,10,7,17
m,alecxander,10,7,17
m,brantson,10,7,17
m,bright,10,7,17
m,caillou,10,7,17
m,caven,10,7,17
m,cipriano,10,7,17
m,corie,10,7,17
m,cornelious,10,7,17
m,corry,10,7,17
m,daivion,10,7,17
m,daschel,10,7,17
m,daysen,10,7,17
m,deadrian,10,7,17
m,draysen,10,7,17
m,ebubechukwu,10,7,17
m,edel,10,7,17
m,eito,10,7,17
m,favio,10,7,17
m,fowler,10,7,17
m,gavynn,10,7,17
m,gurnoor,10,7,17
m,gustave,10,7,17
m,hensley,10,7,17
m,imer,10,7,17
m,jaedin,10,7,17
m,jaivyn,10,7,17
m,javarion,10,7,17
m,jerod,10,7,17
m,jex,10,7,17
m,johnthomas,10,7,17
m,kairon,10,7,17
m,kelso,10,7,17
m,keola,10,7,17
m,kevontae,10,7,17
m,kharson,10,7,17
m,khye,10,7,17
m,kiree,10,7,17
m,kollyn,10,7,17
m,kwesi,10,7,17
m,maan,10,7,17
m,maleko,10,7,17
m,mathius,10,7,17
m,nassim,10,7,17
m,navi,10,7,17
m,nooh,10,7,17
m,obi,10,7,17
m,oriel,10,7,17
m,rhiley,10,7,17
m,riordan,10,7,17
m,rolen,10,7,17
m,romir,10,7,17
m,shenouda,10,7,17
m,skylin,10,7,17
m,sriman,10,7,17
m,taeveon,10,7,17
m,takeshi,10,7,17
m,taren,10,7,17
m,terance,10,7,17
m,treshon,10,7,17
m,wynton,10,7,17
m,yamato,10,7,17
m,yochanan,10,7,17
m,zaahir,10,7,17
m,ziv,10,7,17
m,ahmeer,9,8,17
m,aithen,9,8,17
m,aliyan,9,8,17
m,amadi,9,8,17
m,andreu,9,8,17
m,bohden,9,8,17
m,brentyn,9,8,17
m,breylin,9,8,17
m,briggston,9,8,17
m,cashmir,9,8,17
m,chanz,9,8,17
m,cid,9,8,17
m,darwyn,9,8,17
m,dasani,9,8,17
m,dieter,9,8,17
m,draken,9,8,17
m,eban,9,8,17
m,evann,9,8,17
m,furkan,9,8,17
m,harjot,9,8,17
m,jabarri,9,8,17
m,jaymon,9,8,17
m,kabeer,9,8,17
m,kailon,9,8,17
m,kalyan,9,8,17
m,keilon,9,8,17
m,kemal,9,8,17
m,keshun,9,8,17
m,khael,9,8,17
m,krishang,9,8,17
m,latroy,9,8,17
m,magic,9,8,17
m,marcellous,9,8,17
m,maykel,9,8,17
m,moroni,9,8,17
m,rayn,9,8,17
m,severo,9,8,17
m,shemuel,9,8,17
m,shep,9,8,17
m,sherlock,9,8,17
m,sofia,9,8,17
m,sufyaan,9,8,17
m,suren,9,8,17
m,taksh,9,8,17
m,treyveon,9,8,17
m,aadon,8,9,17
m,abdulkarim,8,9,17
m,ajai,8,9,17
m,aladdin,8,9,17
m,aldric,8,9,17
m,alixander,8,9,17
m,allistair,8,9,17
m,amando,8,9,17
m,americo,8,9,17
m,averey,8,9,17
m,ayodeji,8,9,17
m,beckhem,8,9,17
m,bhavik,8,9,17
m,charvik,8,9,17
m,clayden,8,9,17
m,cowan,8,9,17
m,curt,8,9,17
m,dadrian,8,9,17
m,dameir,8,9,17
m,danger,8,9,17
m,daylyn,8,9,17
m,diallo,8,9,17
m,diar,8,9,17
m,dream,8,9,17
m,dreden,8,9,17
m,dyami,8,9,17
m,edi,8,9,17
m,essiah,8,9,17
m,gabriell,8,9,17
m,giani,8,9,17
m,jaxden,8,9,17
m,jcion,8,9,17
m,joen,8,9,17
m,kache,8,9,17
m,karlin,8,9,17
m,kazimir,8,9,17
m,keo,8,9,17
m,kimari,8,9,17
m,kiren,8,9,17
m,lavontae,8,9,17
m,leelyn,8,9,17
m,lewin,8,9,17
m,lionell,8,9,17
m,madsen,8,9,17
m,manases,8,9,17
m,mayank,8,9,17
m,maykol,8,9,17
m,momin,8,9,17
m,naoki,8,9,17
m,nashawn,8,9,17
m,nivedh,8,9,17
m,nohlan,8,9,17
m,nymir,8,9,17
m,olajuwon,8,9,17
m,poet,8,9,17
m,priyansh,8,9,17
m,ramzey,8,9,17
m,renard,8,9,17
m,reo,8,9,17
m,ryer,8,9,17
m,simone,8,9,17
m,sparrow,8,9,17
m,tavarus,8,9,17
m,timo,8,9,17
m,tlaloc,8,9,17
m,treyshawn,8,9,17
m,waldo,8,9,17
m,yasiin,8,9,17
m,yasmani,8,9,17
m,abdulkareem,7,10,17
m,aeric,7,10,17
m,ahmeir,7,10,17
m,aviyon,7,10,17
m,aydeen,7,10,17
m,boen,7,10,17
m,bronsyn,7,10,17
m,chas,7,10,17
m,elizah,7,10,17
m,enes,7,10,17
m,evaristo,7,10,17
m,fahed,7,10,17
m,giulio,7,10,17
m,hadyn,7,10,17
m,harut,7,10,17
m,jahaan,7,10,17
m,jaiveer,7,10,17
m,jeric,7,10,17
m,joshue,7,10,17
m,jye,7,10,17
m,kazuki,7,10,17
m,khameron,7,10,17
m,lonnell,7,10,17
m,mana,7,10,17
m,marvelous,7,10,17
m,moss,7,10,17
m,muaad,7,10,17
m,nehemyah,7,10,17
m,nima,7,10,17
m,noeh,7,10,17
m,nygel,7,10,17
m,oaklan,7,10,17
m,oluwafemi,7,10,17
m,omkar,7,10,17
m,owenn,7,10,17
m,rally,7,10,17
m,reylan,7,10,17
m,sayvion,7,10,17
m,sina,7,10,17
m,solace,7,10,17
m,torre,7,10,17
m,uziah,7,10,17
m,vernell,7,10,17
m,vinicius,7,10,17
m,weiland,7,10,17
m,yahmir,7,10,17
m,yerick,7,10,17
m,aleix,6,11,17
m,arbor,6,11,17
m,axeton,6,11,17
m,birch,6,11,17
m,cambridge,6,11,17
m,corian,6,11,17
m,cullan,6,11,17
m,daymond,6,11,17
m,eissa,6,11,17
m,esten,6,11,17
m,gennady,6,11,17
m,izaeah,6,11,17
m,juwon,6,11,17
m,kalei,6,11,17
m,kevonte,6,11,17
m,kove,6,11,17
m,law,6,11,17
m,lazlo,6,11,17
m,leaf,6,11,17
m,lendon,6,11,17
m,leodan,6,11,17
m,marston,6,11,17
m,mustaf,6,11,17
m,peniel,6,11,17
m,philo,6,11,17
m,priyan,6,11,17
m,prophet,6,11,17
m,rayen,6,11,17
m,rigdon,6,11,17
m,rod,6,11,17
m,rydge,6,11,17
m,sanjith,6,11,17
m,zakhari,6,11,17
m,ziair,6,11,17
m,adeel,5,12,17
m,ankit,5,12,17
m,bond,5,12,17
m,boomer,5,12,17
m,dekota,5,12,17
m,elizabeth,5,12,17
m,greylon,5,12,17
m,halim,5,12,17
m,jamen,5,12,17
m,kashdyn,5,12,17
m,kire,5,12,17
m,mays,5,12,17
m,rodriguez,5,12,17
m,safwaan,5,12,17
m,sharmarke,5,12,17
m,yaman,5,12,17
m,zailyn,5,12,17
f,aasia,11,5,16
f,airalynn,11,5,16
f,alannys,11,5,16
f,aluel,11,5,16
f,anfal,11,5,16
f,arabela,11,5,16
f,aynsley,11,5,16
f,caitriona,11,5,16
f,camdynn,11,5,16
f,cerinity,11,5,16
f,cyrene,11,5,16
f,eri,11,5,16
f,evalyna,11,5,16
f,gift,11,5,16
f,hadasah,11,5,16
f,jaylenn,11,5,16
f,keilee,11,5,16
f,lorel,11,5,16
f,lorelie,11,5,16
f,maudie,11,5,16
f,mayelin,11,5,16
f,nai,11,5,16
f,nivia,11,5,16
f,psalm,11,5,16
f,saphyre,11,5,16
f,sheylin,11,5,16
f,teasia,11,5,16
f,whisper,11,5,16
f,yaa,11,5,16
f,zanaria,11,5,16
f,zandria,11,5,16
f,abel,10,6,16
f,adamarie,10,6,16
f,adellyn,10,6,16
f,adiela,10,6,16
f,anahlia,10,6,16
f,anea,10,6,16
f,ashiya,10,6,16
f,avilynn,10,6,16
f,beyonce,10,6,16
f,bravery,10,6,16
f,breyana,10,6,16
f,dabney,10,6,16
f,darielis,10,6,16
f,darionna,10,6,16
f,deangela,10,6,16
f,elias,10,6,16
f,esbeidy,10,6,16
f,evamaria,10,6,16
f,hawwa,10,6,16
f,jaysie,10,6,16
f,jettie,10,6,16
f,jozey,10,6,16
f,juel,10,6,16
f,kadience,10,6,16
f,kailynne,10,6,16
f,kaleeyah,10,6,16
f,kannon,10,6,16
f,keili,10,6,16
f,kiyani,10,6,16
f,kona,10,6,16
f,lalia,10,6,16
f,leighlani,10,6,16
f,lubna,10,6,16
f,maleaha,10,6,16
f,malikah,10,6,16
f,maripaz,10,6,16
f,mariza,10,6,16
f,marshae,10,6,16
f,mi,10,6,16
f,mikka,10,6,16
f,natalye,10,6,16
f,navina,10,6,16
f,nel,10,6,16
f,nyia,10,6,16
f,oyindamola,10,6,16
f,parneet,10,6,16
f,peytan,10,6,16
f,randa,10,6,16
f,raveena,10,6,16
f,rehana,10,6,16
f,rital,10,6,16
f,ryilee,10,6,16
f,safiyya,10,6,16
f,salsabil,10,6,16
f,suad,10,6,16
f,sula,10,6,16
f,tesslyn,10,6,16
f,tiani,10,6,16
f,tylasia,10,6,16
f,yizel,10,6,16
f,zandaya,10,6,16
f,zandra,10,6,16
f,aalaya,9,7,16
f,aaleigha,9,7,16
f,aariona,9,7,16
f,abryana,9,7,16
f,advaita,9,7,16
f,afsa,9,7,16
f,ahlina,9,7,16
f,ahniya,9,7,16
f,aidee,9,7,16
f,aija,9,7,16
f,aika,9,7,16
f,alaysiah,9,7,16
f,alberta,9,7,16
f,alixandra,9,7,16
f,alyannah,9,7,16
f,amirykal,9,7,16
f,analysia,9,7,16
f,aniyha,9,7,16
f,annastacia,9,7,16
f,annisten,9,7,16
f,apphia,9,7,16
f,aritza,9,7,16
f,arla,9,7,16
f,arly,9,7,16
f,audryna,9,7,16
f,avanni,9,7,16
f,ayzlee,9,7,16
f,azaylee,9,7,16
f,beren,9,7,16
f,bettie,9,7,16
f,biak,9,7,16
f,brindley,9,7,16
f,britt,9,7,16
f,bryella,9,7,16
f,bryson,9,7,16
f,caasi,9,7,16
f,cammi,9,7,16
f,camree,9,7,16
f,cataleah,9,7,16
f,christalyn,9,7,16
f,corine,9,7,16
f,diara,9,7,16
f,diego,9,7,16
f,disney,9,7,16
f,elene,9,7,16
f,emila,9,7,16
f,eunique,9,7,16
f,evian,9,7,16
f,fahima,9,7,16
f,fatmata,9,7,16
f,hazlee,9,7,16
f,helem,9,7,16
f,hemi,9,7,16
f,henli,9,7,16
f,henriette,9,7,16
f,iliany,9,7,16
f,ilina,9,7,16
f,isabellagrace,9,7,16
f,jahleah,9,7,16
f,jaira,9,7,16
f,jameya,9,7,16
f,janisha,9,7,16
f,japleen,9,7,16
f,javayah,9,7,16
f,jazzlin,9,7,16
f,joclyn,9,7,16
f,kahleah,9,7,16
f,kalyse,9,7,16
f,karelly,9,7,16
f,kaylise,9,7,16
f,kaziyah,9,7,16
f,keelan,9,7,16
f,kennidee,9,7,16
f,keoni,9,7,16
f,kimmie,9,7,16
f,kristyana,9,7,16
f,laryiah,9,7,16
f,loukya,9,7,16
f,lylliana,9,7,16
f,madelene,9,7,16
f,makeila,9,7,16
f,makylie,9,7,16
f,mane,9,7,16
f,marshay,9,7,16
f,melaysia,9,7,16
f,meylani,9,7,16
f,millena,9,7,16
f,monalisa,9,7,16
f,mone,9,7,16
f,nakita,9,7,16
f,nazaret,9,7,16
f,nelli,9,7,16
f,neveyah,9,7,16
f,paisli,9,7,16
f,pemberley,9,7,16
f,raphaelle,9,7,16
f,reynolds,9,7,16
f,rhia,9,7,16
f,riki,9,7,16
f,sheri,9,7,16
f,sieanna,9,7,16
f,success,9,7,16
f,suhailah,9,7,16
f,sumaiyah,9,7,16
f,willemina,9,7,16
f,xola,9,7,16
f,yitzel,9,7,16
f,yona,9,7,16
f,yuxi,9,7,16
f,addysyn,8,8,16
f,ahnyla,8,8,16
f,alanoud,8,8,16
f,alyda,8,8,16
f,amaura,8,8,16
f,ananiah,8,8,16
f,annelisa,8,8,16
f,arlenne,8,8,16
f,azizah,8,8,16
f,bethsaida,8,8,16
f,breyanna,8,8,16
f,brieana,8,8,16
f,briele,8,8,16
f,cataleia,8,8,16
f,chaniyah,8,8,16
f,charlyn,8,8,16
f,cyrine,8,8,16
f,dakari,8,8,16
f,dariel,8,8,16
f,darrielle,8,8,16
f,dellah,8,8,16
f,ellamay,8,8,16
f,emanuella,8,8,16
f,emilyann,8,8,16
f,esthela,8,8,16
f,fara,8,8,16
f,gavyn,8,8,16
f,harbour,8,8,16
f,inanna,8,8,16
f,jamara,8,8,16
f,janila,8,8,16
f,jaxi,8,8,16
f,jennesis,8,8,16
f,jiovanna,8,8,16
f,joelene,8,8,16
f,kalla,8,8,16
f,kamrin,8,8,16
f,kanisha,8,8,16
f,karalina,8,8,16
f,kassady,8,8,16
f,khaila,8,8,16
f,kristan,8,8,16
f,kristelle,8,8,16
f,kynslei,8,8,16
f,leilanee,8,8,16
f,liela,8,8,16
f,lilit,8,8,16
f,lupe,8,8,16
f,lura,8,8,16
f,lylla,8,8,16
f,maggi,8,8,16
f,maiana,8,8,16
f,makaiah,8,8,16
f,makinna,8,8,16
f,manna,8,8,16
f,massa,8,8,16
f,memorie,8,8,16
f,mirha,8,8,16
f,mykelti,8,8,16
f,narissa,8,8,16
f,nasiya,8,8,16
f,nazyia,8,8,16
f,nialah,8,8,16
f,oaklei,8,8,16
f,phaith,8,8,16
f,quynh,8,8,16
f,rein,8,8,16
f,ricky,8,8,16
f,rorey,8,8,16
f,rye,8,8,16
f,sahaana,8,8,16
f,samyuktha,8,8,16
f,sayana,8,8,16
f,shayden,8,8,16
f,sibel,8,8,16
f,sibley,8,8,16
f,skyllar,8,8,16
f,summerlyn,8,8,16
f,talley,8,8,16
f,tami,8,8,16
f,vallery,8,8,16
f,venezia,8,8,16
f,xianna,8,8,16
f,yancy,8,8,16
f,yuktha,8,8,16
f,zaeleigh,8,8,16
f,zakya,8,8,16
f,zarie,8,8,16
f,zniyah,8,8,16
f,zoejane,8,8,16
f,aashka,7,9,16
f,aayra,7,9,16
f,aevah,7,9,16
f,aidy,7,9,16
f,ainzley,7,9,16
f,aissa,7,9,16
f,aiyonna,7,9,16
f,amberlin,7,9,16
f,aoki,7,9,16
f,arieliz,7,9,16
f,arijana,7,9,16
f,audianna,7,9,16
f,avabelle,7,9,16
f,bhavika,7,9,16
f,blyss,7,9,16
f,brigitta,7,9,16
f,brityn,7,9,16
f,bronwen,7,9,16
f,brya,7,9,16
f,brynnlie,7,9,16
f,carleah,7,9,16
f,copelynn,7,9,16
f,destani,7,9,16
f,deva,7,9,16
f,drishya,7,9,16
f,eboni,7,9,16
f,eline,7,9,16
f,elliora,7,9,16
f,emileah,7,9,16
f,emmaree,7,9,16
f,emyah,7,9,16
f,enora,7,9,16
f,eudora,7,9,16
f,evania,7,9,16
f,eyana,7,9,16
f,fariza,7,9,16
f,harris,7,9,16
f,israella,7,9,16
f,ivianna,7,9,16
f,jaemarie,7,9,16
f,jakyia,7,9,16
f,janeliz,7,9,16
f,jannie,7,9,16
f,jaonna,7,9,16
f,jennessy,7,9,16
f,juliannah,7,9,16
f,kacelynn,7,9,16
f,kaliann,7,9,16
f,kendry,7,9,16
f,kenniyah,7,9,16
f,kesha,7,9,16
f,khaya,7,9,16
f,kimiyah,7,9,16
f,krissa,7,9,16
f,kysa,7,9,16
f,lanessa,7,9,16
f,lenise,7,9,16
f,maddielynn,7,9,16
f,mahlet,7,9,16
f,makayah,7,9,16
f,malley,7,9,16
f,maryjayne,7,9,16
f,mazzie,7,9,16
f,meriah,7,9,16
f,merissa,7,9,16
f,mireyah,7,9,16
f,morireoluwa,7,9,16
f,myrikal,7,9,16
f,najat,7,9,16
f,naturi,7,9,16
f,ngun,7,9,16
f,noelly,7,9,16
f,nyela,7,9,16
f,prarthana,7,9,16
f,rozelyn,7,9,16
f,rudi,7,9,16
f,saidy,7,9,16
f,samus,7,9,16
f,satcha,7,9,16
f,saylem,7,9,16
f,seela,7,9,16
f,shanvika,7,9,16
f,shirel,7,9,16
f,siniyah,7,9,16
f,sorcha,7,9,16
f,sylver,7,9,16
f,talullah,7,9,16
f,thara,7,9,16
f,tyann,7,9,16
f,vanelope,7,9,16
f,yailyn,7,9,16
f,adesuwa,6,10,16
f,adiella,6,10,16
f,adriann,6,10,16
f,ahmaya,6,10,16
f,akhila,6,10,16
f,alie,6,10,16
f,alysen,6,10,16
f,amanat,6,10,16
f,anni,6,10,16
f,aylla,6,10,16
f,bradie,6,10,16
f,bristyn,6,10,16
f,bryndal,6,10,16
f,chiziterem,6,10,16
f,cymone,6,10,16
f,dari,6,10,16
f,dayah,6,10,16
f,enza,6,10,16
f,ernestina,6,10,16
f,havisha,6,10,16
f,hidayah,6,10,16
f,hildegard,6,10,16
f,huntlee,6,10,16
f,jaalah,6,10,16
f,josefa,6,10,16
f,jurnei,6,10,16
f,kazlyn,6,10,16
f,keari,6,10,16
f,khamryn,6,10,16
f,kimimila,6,10,16
f,kourtnee,6,10,16
f,lyfe,6,10,16
f,marlea,6,10,16
f,maxx,6,10,16
f,milarose,6,10,16
f,mylin,6,10,16
f,nallah,6,10,16
f,namira,6,10,16
f,oyinkansola,6,10,16
f,penellope,6,10,16
f,price,6,10,16
f,ramsie,6,10,16
f,rayley,6,10,16
f,serana,6,10,16
f,shaelee,6,10,16
f,shresta,6,10,16
f,skii,6,10,16
f,starlette,6,10,16
f,vara,6,10,16
f,yukari,6,10,16
f,zaneta,6,10,16
f,zuleima,6,10,16
f,zyaira,6,10,16
f,aabriella,5,11,16
f,aidelyn,5,11,16
f,andreea,5,11,16
f,annetta,5,11,16
f,arah,5,11,16
f,blessen,5,11,16
f,chrysanthemum,5,11,16
f,federica,5,11,16
f,gurseerat,5,11,16
f,imane,5,11,16
f,jaelyne,5,11,16
f,jahnyla,5,11,16
f,jamariyah,5,11,16
f,jaycelynn,5,11,16
f,jihan,5,11,16
f,lilliannah,5,11,16
f,malaysiah,5,11,16
f,malyiah,5,11,16
f,maranatha,5,11,16
f,marlys,5,11,16
f,mikhaila,5,11,16
f,naloni,5,11,16
f,naria,5,11,16
f,rowe,5,11,16
f,rozalee,5,11,16
f,rutila,5,11,16
f,seniyah,5,11,16
f,shamara,5,11,16
f,shambhavi,5,11,16
f,skyah,5,11,16
f,thy,5,11,16
f,uri,5,11,16
f,veena,5,11,16
f,yazmeen,5,11,16
f,zayleen,5,11,16
f,zaylei,5,11,16
m,aadhi,11,5,16
m,aaidyn,11,5,16
m,aniv,11,5,16
m,ashland,11,5,16
m,ayiden,11,5,16
m,benett,11,5,16
m,berlin,11,5,16
m,bernardino,11,5,16
m,cheyenne,11,5,16
m,chrystopher,11,5,16
m,fady,11,5,16
m,gaberial,11,5,16
m,garyn,11,5,16
m,gilead,11,5,16
m,hatim,11,5,16
m,kartik,11,5,16
m,kenta,11,5,16
m,khale,11,5,16
m,kyshawn,11,5,16
m,lyonel,11,5,16
m,maxamus,11,5,16
m,montrez,11,5,16
m,tirth,11,5,16
m,vegas,11,5,16
m,yakub,11,5,16
m,azam,10,6,16
m,braxley,10,6,16
m,breken,10,6,16
m,ceejay,10,6,16
m,cowen,10,6,16
m,daedric,10,6,16
m,dalan,10,6,16
m,daoud,10,6,16
m,dayveon,10,6,16
m,deaken,10,6,16
m,deandrae,10,6,16
m,demichael,10,6,16
m,denzil,10,6,16
m,devonne,10,6,16
m,drezden,10,6,16
m,exander,10,6,16
m,gurshaan,10,6,16
m,haeden,10,6,16
m,jacson,10,6,16
m,jacy,10,6,16
m,jayro,10,6,16
m,jhostin,10,6,16
m,joangel,10,6,16
m,kaspar,10,6,16
m,keontay,10,6,16
m,kitt,10,6,16
m,kunal,10,6,16
m,laakea,10,6,16
m,ladell,10,6,16
m,laverne,10,6,16
m,lennard,10,6,16
m,mclain,10,6,16
m,nguyen,10,6,16
m,oaks,10,6,16
m,rixton,10,6,16
m,rohith,10,6,16
m,seger,10,6,16
m,senai,10,6,16
m,siddh,10,6,16
m,telly,10,6,16
m,telvin,10,6,16
m,tres,10,6,16
m,ugochukwu,10,6,16
m,wyn,10,6,16
m,xxavier,10,6,16
m,zelig,10,6,16
m,zylar,10,6,16
m,arshaan,9,7,16
m,asadbek,9,7,16
m,aubry,9,7,16
m,avish,9,7,16
m,bayden,9,7,16
m,beorn,9,7,16
m,blase,9,7,16
m,braylee,9,7,16
m,brien,9,7,16
m,bryker,9,7,16
m,burkley,9,7,16
m,caedan,9,7,16
m,caide,9,7,16
m,christo,9,7,16
m,damarious,9,7,16
m,dhairya,9,7,16
m,dickson,9,7,16
m,dshaun,9,7,16
m,faraz,9,7,16
m,hadriel,9,7,16
m,haron,9,7,16
m,ilia,9,7,16
m,ilyaas,9,7,16
m,jaber,9,7,16
m,jashun,9,7,16
m,jeovanny,9,7,16
m,jermarion,9,7,16
m,junius,9,7,16
m,justise,9,7,16
m,kable,9,7,16
m,kashif,9,7,16
m,kendryck,9,7,16
m,kerolos,9,7,16
m,kershaw,9,7,16
m,keymari,9,7,16
m,kyshaun,9,7,16
m,lesean,9,7,16
m,lexon,9,7,16
m,logyn,9,7,16
m,madyx,9,7,16
m,mena,9,7,16
m,mikhai,9,7,16
m,nang,9,7,16
m,oluwatamilore,9,7,16
m,oluwatimileyin,9,7,16
m,oxford,9,7,16
m,paco,9,7,16
m,poe,9,7,16
m,prynceton,9,7,16
m,ra,9,7,16
m,raistlin,9,7,16
m,rhylin,9,7,16
m,rushton,9,7,16
m,rydan,9,7,16
m,salahuddin,9,7,16
m,sandy,9,7,16
m,savian,9,7,16
m,sencere,9,7,16
m,shaarav,9,7,16
m,snayder,9,7,16
m,tae,9,7,16
m,tanis,9,7,16
m,temesgen,9,7,16
m,trendon,9,7,16
m,tyshun,9,7,16
m,ugonna,9,7,16
m,zacariah,9,7,16
m,zerrick,9,7,16
m,zoraiz,9,7,16
m,zyiere,9,7,16
m,alano,8,8,16
m,albion,8,8,16
m,alma,8,8,16
m,alson,8,8,16
m,andry,8,8,16
m,ary,8,8,16
m,aulden,8,8,16
m,avari,8,8,16
m,axtin,8,8,16
m,azarian,8,8,16
m,azavier,8,8,16
m,bates,8,8,16
m,brandtley,8,8,16
m,brazen,8,8,16
m,castin,8,8,16
m,chanler,8,8,16
m,chesley,8,8,16
m,chibueze,8,8,16
m,chibuike,8,8,16
m,chinmay,8,8,16
m,christiaan,8,8,16
m,delante,8,8,16
m,dian,8,8,16
m,ed,8,8,16
m,elion,8,8,16
m,emit,8,8,16
m,espn,8,8,16
m,eustace,8,8,16
m,faolan,8,8,16
m,fitzwilliam,8,8,16
m,gale,8,8,16
m,garron,8,8,16
m,ghaith,8,8,16
m,ghali,8,8,16
m,graisyn,8,8,16
m,iktan,8,8,16
m,imaan,8,8,16
m,isaiha,8,8,16
m,jadien,8,8,16
m,jahid,8,8,16
m,jekhi,8,8,16
m,jeremey,8,8,16
m,jeriko,8,8,16
m,jeydon,8,8,16
m,jontae,8,8,16
m,kaiven,8,8,16
m,kamarie,8,8,16
m,kayaan,8,8,16
m,keilyn,8,8,16
m,lakyn,8,8,16
m,lamichael,8,8,16
m,malone,8,8,16
m,maxtyn,8,8,16
m,mila,8,8,16
m,milam,8,8,16
m,nathyn,8,8,16
m,nikesh,8,8,16
m,nimai,8,8,16
m,norlan,8,8,16
m,owain,8,8,16
m,radford,8,8,16
m,rameses,8,8,16
m,raynaldo,8,8,16
m,reynold,8,8,16
m,rockland,8,8,16
m,russ,8,8,16
m,saurav,8,8,16
m,sebashtian,8,8,16
m,solon,8,8,16
m,taeshawn,8,8,16
m,tramel,8,8,16
m,tyjae,8,8,16
m,vivin,8,8,16
m,warrior,8,8,16
m,yoav,8,8,16
m,yosgart,8,8,16
m,yuniel,8,8,16
m,zamier,8,8,16
m,zhyaire,8,8,16
m,zyree,8,8,16
m,adyen,7,9,16
m,alekai,7,9,16
m,alesandro,7,9,16
m,allante,7,9,16
m,anyelo,7,9,16
m,arihant,7,9,16
m,arliss,7,9,16
m,attila,7,9,16
m,augustino,7,9,16
m,baraa,7,9,16
m,caidence,7,9,16
m,crowley,7,9,16
m,daivik,7,9,16
m,daryel,7,9,16
m,dashton,7,9,16
m,dejaun,7,9,16
m,demontre,7,9,16
m,dominico,7,9,16
m,donoven,7,9,16
m,dugan,7,9,16
m,ehren,7,9,16
m,elkin,7,9,16
m,gresham,7,9,16
m,hanzel,7,9,16
m,hasaan,7,9,16
m,haskell,7,9,16
m,heitor,7,9,16
m,hesham,7,9,16
m,imaad,7,9,16
m,imanuel,7,9,16
m,italo,7,9,16
m,jakota,7,9,16
m,jamyson,7,9,16
m,jazier,7,9,16
m,kalai,7,9,16
m,kamaree,7,9,16
m,kamarii,7,9,16
m,kannin,7,9,16
m,kavian,7,9,16
m,keelin,7,9,16
m,keldan,7,9,16
m,keraun,7,9,16
m,khayri,7,9,16
m,khysen,7,9,16
m,koray,7,9,16
m,kourtland,7,9,16
m,kourtney,7,9,16
m,kyrus,7,9,16
m,mahari,7,9,16
m,matvei,7,9,16
m,mehar,7,9,16
m,meric,7,9,16
m,meshal,7,9,16
m,michaelanthony,7,9,16
m,miran,7,9,16
m,mirko,7,9,16
m,mohanad,7,9,16
m,muaaz,7,9,16
m,orien,7,9,16
m,pranesh,7,9,16
m,preet,7,9,16
m,radek,7,9,16
m,rasheen,7,9,16
m,roemello,7,9,16
m,sovereign,7,9,16
m,spence,7,9,16
m,stormy,7,9,16
m,tarrance,7,9,16
m,taygen,7,9,16
m,tedrick,7,9,16
m,temur,7,9,16
m,teoman,7,9,16
m,terryon,7,9,16
m,thorn,7,9,16
m,trevelle,7,9,16
m,vaiden,7,9,16
m,yohanan,7,9,16
m,zackaria,7,9,16
m,abdur,6,10,16
m,acheron,6,10,16
m,ashot,6,10,16
m,bexton,6,10,16
m,bijan,6,10,16
m,callaghan,6,10,16
m,camdynn,6,10,16
m,candon,6,10,16
m,deo,6,10,16
m,drayce,6,10,16
m,eita,6,10,16
m,eman,6,10,16
m,ezekiah,6,10,16
m,garvey,6,10,16
m,harish,6,10,16
m,iroh,6,10,16
m,jatavious,6,10,16
m,jerrik,6,10,16
m,jewell,6,10,16
m,kas,6,10,16
m,kemauri,6,10,16
m,kennard,6,10,16
m,kyreese,6,10,16
m,lenoxx,6,10,16
m,levan,6,10,16
m,mansur,6,10,16
m,melik,6,10,16
m,nayef,6,10,16
m,nijah,6,10,16
m,othello,6,10,16
m,owin,6,10,16
m,pranish,6,10,16
m,redd,6,10,16
m,roniel,6,10,16
m,vyncent,6,10,16
m,yancarlos,6,10,16
m,yugan,6,10,16
m,zakariye,6,10,16
m,avante,5,11,16
m,bertrand,5,11,16
m,broox,5,11,16
m,bruk,5,11,16
m,chidera,5,11,16
m,fallou,5,11,16
m,granite,5,11,16
m,graylen,5,11,16
m,graysin,5,11,16
m,haziq,5,11,16
m,honour,5,11,16
m,jamesmichael,5,11,16
m,kaceon,5,11,16
m,kahne,5,11,16
m,kamaal,5,11,16
m,kanishk,5,11,16
m,kirtan,5,11,16
m,kouper,5,11,16
m,mahan,5,11,16
m,maury,5,11,16
m,meba,5,11,16
m,shaka,5,11,16
m,sorren,5,11,16
m,traevon,5,11,16
m,zafir,5,11,16
m,zyking,5,11,16
f,achol,10,5,15
f,adannaya,10,5,15
f,aeriella,10,5,15
f,aero,10,5,15
f,ahmirah,10,5,15
f,aizlee,10,5,15
f,alaiyna,10,5,15
f,amarise,10,5,15
f,amiyla,10,5,15
f,amiyrah,10,5,15
f,aneth,10,5,15
f,arihana,10,5,15
f,arleny,10,5,15
f,asiana,10,5,15
f,baylen,10,5,15
f,cerise,10,5,15
f,cire,10,5,15
f,danie,10,5,15
f,diamante,10,5,15
f,elizbeth,10,5,15
f,elky,10,5,15
f,evangaline,10,5,15
f,francia,10,5,15
f,geniyah,10,5,15
f,gracilyn,10,5,15
f,haidy,10,5,15
f,hyla,10,5,15
f,iyani,10,5,15
f,jahira,10,5,15
f,jakelyn,10,5,15
f,jamese,10,5,15
f,jaylea,10,5,15
f,juleah,10,5,15
f,julionna,10,5,15
f,karelyn,10,5,15
f,kaytie,10,5,15
f,kelina,10,5,15
f,khamille,10,5,15
f,klohe,10,5,15
f,laylonie,10,5,15
f,makaelyn,10,5,15
f,malonie,10,5,15
f,mishell,10,5,15
f,myesha,10,5,15
f,nadalie,10,5,15
f,niralya,10,5,15
f,oliviyah,10,5,15
f,rayelynn,10,5,15
f,raylynne,10,5,15
f,reesa,10,5,15
f,rogan,10,5,15
f,savreen,10,5,15
f,shayra,10,5,15
f,shellby,10,5,15
f,tamani,10,5,15
f,timya,10,5,15
f,twisha,10,5,15
f,tyjae,10,5,15
f,venelope,10,5,15
f,aalina,9,6,15
f,adriannah,9,6,15
f,aiesha,9,6,15
f,alysandra,9,6,15
f,amatullah,9,6,15
f,anmarie,9,6,15
f,arion,9,6,15
f,ashten,9,6,15
f,avion,9,6,15
f,bawi,9,6,15
f,besan,9,6,15
f,brindle,9,6,15
f,briony,9,6,15
f,byrdie,9,6,15
f,camarie,9,6,15
f,chinyere,9,6,15
f,chosen,9,6,15
f,courtnee,9,6,15
f,crosley,9,6,15
f,cyanne,9,6,15
f,damira,9,6,15
f,danyka,9,6,15
f,darlynn,9,6,15
f,dekayla,9,6,15
f,deylani,9,6,15
f,deziah,9,6,15
f,dimitra,9,6,15
f,edom,9,6,15
f,elorah,9,6,15
f,emanuelly,9,6,15
f,emmalena,9,6,15
f,genisys,9,6,15
f,gizel,9,6,15
f,griffyn,9,6,15
f,haifa,9,6,15
f,hallelujah,9,6,15
f,hally,9,6,15
f,haylo,9,6,15
f,hollee,9,6,15
f,hyacinth,9,6,15
f,isaly,9,6,15
f,isatou,9,6,15
f,iselle,9,6,15
f,itati,9,6,15
f,jarielys,9,6,15
f,javaya,9,6,15
f,jaxx,9,6,15
f,jayliani,9,6,15
f,jeliyah,9,6,15
f,jenevie,9,6,15
f,jewelia,9,6,15
f,jhenesis,9,6,15
f,jordann,9,6,15
f,juliauna,9,6,15
f,kanaya,9,6,15
f,kani,9,6,15
f,karolyna,9,6,15
f,kassadi,9,6,15
f,kassey,9,6,15
f,kaylon,9,6,15
f,kemaya,9,6,15
f,kenidi,9,6,15
f,khailey,9,6,15
f,khalee,9,6,15
f,khayla,9,6,15
f,kiahna,9,6,15
f,kmya,9,6,15
f,lainy,9,6,15
f,lexxi,9,6,15
f,loreley,9,6,15
f,maize,9,6,15
f,maka,9,6,15
f,mandie,9,6,15
f,marabella,9,6,15
f,matylda,9,6,15
f,meleena,9,6,15
f,miaisabella,9,6,15
f,mikylah,9,6,15
f,milcah,9,6,15
f,mirola,9,6,15
f,neera,9,6,15
f,norelle,9,6,15
f,ornella,9,6,15
f,penley,9,6,15
f,raelie,9,6,15
f,raliyah,9,6,15
f,sahory,9,6,15
f,samadhi,9,6,15
f,samariah,9,6,15
f,shamyra,9,6,15
f,sharlyn,9,6,15
f,simara,9,6,15
f,skyylar,9,6,15
f,southern,9,6,15
f,sreeja,9,6,15
f,srihitha,9,6,15
f,sway,9,6,15
f,taija,9,6,15
f,yeslin,9,6,15
f,zendeya,9,6,15
f,zitlaly,9,6,15
f,zyia,9,6,15
f,adaliyah,8,7,15
f,addlynn,8,7,15
f,adiana,8,7,15
f,advita,8,7,15
f,ahavah,8,7,15
f,alayssa,8,7,15
f,aliona,8,7,15
f,aliyannah,8,7,15
f,amita,8,7,15
f,andrina,8,7,15
f,anelis,8,7,15
f,annelle,8,7,15
f,ariele,8,7,15
f,athanasia,8,7,15
f,baneen,8,7,15
f,billi,8,7,15
f,breea,8,7,15
f,breella,8,7,15
f,brenya,8,7,15
f,brinlyn,8,7,15
f,brycelyn,8,7,15
f,calena,8,7,15
f,calianne,8,7,15
f,caliegh,8,7,15
f,cassiopeia,8,7,15
f,caycee,8,7,15
f,cecylia,8,7,15
f,christionna,8,7,15
f,christyana,8,7,15
f,cidney,8,7,15
f,claudine,8,7,15
f,corri,8,7,15
f,cristine,8,7,15
f,danyiah,8,7,15
f,daryah,8,7,15
f,daveigh,8,7,15
f,deari,8,7,15
f,dejanae,8,7,15
f,delisa,8,7,15
f,dulcie,8,7,15
f,edan,8,7,15
f,eleanna,8,7,15
f,elliah,8,7,15
f,ellyette,8,7,15
f,elycia,8,7,15
f,evva,8,7,15
f,eyva,8,7,15
f,fabianna,8,7,15
f,frimy,8,7,15
f,gabriellah,8,7,15
f,geena,8,7,15
f,genova,8,7,15
f,gentri,8,7,15
f,giuseppina,8,7,15
f,graceland,8,7,15
f,ileah,8,7,15
f,iyah,8,7,15
f,jaeli,8,7,15
f,jaiah,8,7,15
f,jalyric,8,7,15
f,janelli,8,7,15
f,jersee,8,7,15
f,jinger,8,7,15
f,johnni,8,7,15
f,jouri,8,7,15
f,kahmya,8,7,15
f,kallyn,8,7,15
f,kamyrn,8,7,15
f,karilyn,8,7,15
f,katrin,8,7,15
f,keiara,8,7,15
f,kenndra,8,7,15
f,ketzia,8,7,15
f,khilynn,8,7,15
f,kortni,8,7,15
f,laiklynn,8,7,15
f,lamaria,8,7,15
f,lashawna,8,7,15
f,lavada,8,7,15
f,laylianna,8,7,15
f,levina,8,7,15
f,lilienne,8,7,15
f,lillieanna,8,7,15
f,liona,8,7,15
f,lorissa,8,7,15
f,lorynn,8,7,15
f,macelyn,8,7,15
f,magdalynn,8,7,15
f,marielis,8,7,15
f,mariona,8,7,15
f,matalyn,8,7,15
f,moon,8,7,15
f,myalynn,8,7,15
f,naara,8,7,15
f,nadra,8,7,15
f,nianna,8,7,15
f,raheel,8,7,15
f,rhaya,8,7,15
f,rianshi,8,7,15
f,richa,8,7,15
f,rokaya,8,7,15
f,rubani,8,7,15
f,rumer,8,7,15
f,ryatt,8,7,15
f,shakiya,8,7,15
f,shanae,8,7,15
f,shanyia,8,7,15
f,shy,8,7,15
f,sidnee,8,7,15
f,snigdha,8,7,15
f,sreenika,8,7,15
f,terrianna,8,7,15
f,terriona,8,7,15
f,tiera,8,7,15
f,yzabelle,8,7,15
f,zaley,8,7,15
f,zayneb,8,7,15
f,zeidy,8,7,15
f,zihan,8,7,15
f,zoriana,8,7,15
f,zyairah,8,7,15
f,aavah,7,8,15
f,adaleyza,7,8,15
f,addlyn,7,8,15
f,adriene,7,8,15
f,ahleah,7,8,15
f,ahmyah,7,8,15
f,ahni,7,8,15
f,amauria,7,8,15
f,aneliese,7,8,15
f,anesa,7,8,15
f,annalis,7,8,15
f,arelly,7,8,15
f,aroush,7,8,15
f,asaiah,7,8,15
f,athyna,7,8,15
f,aymar,7,8,15
f,azori,7,8,15
f,bentlie,7,8,15
f,bitania,7,8,15
f,blaiklee,7,8,15
f,brixtyn,7,8,15
f,brynnly,7,8,15
f,chriselle,7,8,15
f,daianna,7,8,15
f,daraly,7,8,15
f,deyana,7,8,15
f,domino,7,8,15
f,dylilah,7,8,15
f,elaiza,7,8,15
f,ellenie,7,8,15
f,emmaleah,7,8,15
f,ephrata,7,8,15
f,eriyana,7,8,15
f,fynnley,7,8,15
f,gael,7,8,15
f,halah,7,8,15
f,insiya,7,8,15
f,jahmiya,7,8,15
f,jaislyn,7,8,15
f,janaria,7,8,15
f,jareli,7,8,15
f,jasline,7,8,15
f,javonna,7,8,15
f,jaydelin,7,8,15
f,jeniffer,7,8,15
f,jodee,7,8,15
f,jossie,7,8,15
f,juliza,7,8,15
f,kaeya,7,8,15
f,kamilya,7,8,15
f,karthika,7,8,15
f,kartier,7,8,15
f,kaveri,7,8,15
f,kayna,7,8,15
f,khylah,7,8,15
f,kimbree,7,8,15
f,korrah,7,8,15
f,kymia,7,8,15
f,kynzli,7,8,15
f,kyrianna,7,8,15
f,laniece,7,8,15
f,lanyia,7,8,15
f,larue,7,8,15
f,lenae,7,8,15
f,linlee,7,8,15
f,lochlan,7,8,15
f,lucelia,7,8,15
f,lucillia,7,8,15
f,maebh,7,8,15
f,marijane,7,8,15
f,marybella,7,8,15
f,masiah,7,8,15
f,mckenzye,7,8,15
f,mekenna,7,8,15
f,miwa,7,8,15
f,montserrath,7,8,15
f,naida,7,8,15
f,naveena,7,8,15
f,neisha,7,8,15
f,nikoleta,7,8,15
f,nili,7,8,15
f,niyana,7,8,15
f,nyara,7,8,15
f,nyliyah,7,8,15
f,oluchi,7,8,15
f,omnia,7,8,15
f,preslynn,7,8,15
f,pryncess,7,8,15
f,quinnlee,7,8,15
f,rainna,7,8,15
f,ramie,7,8,15
f,relena,7,8,15
f,ryleeann,7,8,15
f,sahalie,7,8,15
f,salia,7,8,15
f,shaleigh,7,8,15
f,shamsa,7,8,15
f,shreeja,7,8,15
f,skylette,7,8,15
f,smera,7,8,15
f,sondos,7,8,15
f,stone,7,8,15
f,tamzin,7,8,15
f,tasfia,7,8,15
f,theory,7,8,15
f,tilley,7,8,15
f,vannia,7,8,15
f,vasti,7,8,15
f,yaeli,7,8,15
f,yatzary,7,8,15
f,yaxeni,7,8,15
f,yixin,7,8,15
f,zahirah,7,8,15
f,zaileigh,7,8,15
f,zamorah,7,8,15
f,zani,7,8,15
f,aala,6,9,15
f,aayana,6,9,15
f,abiah,6,9,15
f,adalea,6,9,15
f,addylyn,6,9,15
f,adelinne,6,9,15
f,alazay,6,9,15
f,anarosa,6,9,15
f,anastazja,6,9,15
f,angele,6,9,15
f,annalei,6,9,15
f,anysia,6,9,15
f,anzley,6,9,15
f,aury,6,9,15
f,ayanni,6,9,15
f,azlin,6,9,15
f,baxley,6,9,15
f,bray,6,9,15
f,briceyda,6,9,15
f,carrera,6,9,15
f,clemence,6,9,15
f,daanya,6,9,15
f,dalery,6,9,15
f,delphia,6,9,15
f,dhara,6,9,15
f,diona,6,9,15
f,edelin,6,9,15
f,edina,6,9,15
f,elizandra,6,9,15
f,ellakate,6,9,15
f,elvina,6,9,15
f,evaleen,6,9,15
f,findlay,6,9,15
f,franklyn,6,9,15
f,frimmy,6,9,15
f,haeven,6,9,15
f,haze,6,9,15
f,hinsley,6,9,15
f,hoor,6,9,15
f,ivonna,6,9,15
f,jahnya,6,9,15
f,jazelyn,6,9,15
f,jerriyah,6,9,15
f,kaisy,6,9,15
f,kalliopi,6,9,15
f,kassidie,6,9,15
f,kawsar,6,9,15
f,keyonni,6,9,15
f,khaleesia,6,9,15
f,khamani,6,9,15
f,khamora,6,9,15
f,kharli,6,9,15
f,lada,6,9,15
f,laryn,6,9,15
f,lauriana,6,9,15
f,laylaa,6,9,15
f,lenorah,6,9,15
f,lin,6,9,15
f,luthien,6,9,15
f,malloree,6,9,15
f,manisha,6,9,15
f,mariabelen,6,9,15
f,masey,6,9,15
f,meli,6,9,15
f,miamarie,6,9,15
f,mickenzie,6,9,15
f,milanya,6,9,15
f,milinda,6,9,15
f,miray,6,9,15
f,murphie,6,9,15
f,mushtaq,6,9,15
f,naelani,6,9,15
f,natividad,6,9,15
f,nayela,6,9,15
f,nazarene,6,9,15
f,neri,6,9,15
f,novalea,6,9,15
f,otilia,6,9,15
f,paije,6,9,15
f,parish,6,9,15
f,ramia,6,9,15
f,roqaya,6,9,15
f,roxann,6,9,15
f,ryane,6,9,15
f,saga,6,9,15
f,sakshi,6,9,15
f,saraphina,6,9,15
f,sayda,6,9,15
f,shyra,6,9,15
f,soley,6,9,15
f,stevee,6,9,15
f,vala,6,9,15
f,vismaya,6,9,15
f,vyolet,6,9,15
f,xaniyah,6,9,15
f,yenifer,6,9,15
f,zona,6,9,15
f,zyelle,6,9,15
f,aashritha,5,10,15
f,aiyannah,5,10,15
f,aleila,5,10,15
f,analysse,5,10,15
f,anastasya,5,10,15
f,anuoluwapo,5,10,15
f,arielly,5,10,15
f,averii,5,10,15
f,ayasha,5,10,15
f,brealyn,5,10,15
f,brookelynne,5,10,15
f,bryssa,5,10,15
f,cambre,5,10,15
f,camren,5,10,15
f,ellierose,5,10,15
f,elyssia,5,10,15
f,evely,5,10,15
f,evoleth,5,10,15
f,fairy,5,10,15
f,firdaus,5,10,15
f,franceska,5,10,15
f,guliana,5,10,15
f,gwenn,5,10,15
f,jakaiya,5,10,15
f,jalei,5,10,15
f,jasmarie,5,10,15
f,jimenna,5,10,15
f,joel,5,10,15
f,kailaya,5,10,15
f,kajsa,5,10,15
f,kindred,5,10,15
f,leba,5,10,15
f,livana,5,10,15
f,marika,5,10,15
f,meeyah,5,10,15
f,nastassia,5,10,15
f,olivine,5,10,15
f,palyn,5,10,15
f,raiyne,5,10,15
f,ravleen,5,10,15
f,rossie,5,10,15
f,ruthanna,5,10,15
f,sebastiana,5,10,15
f,sema,5,10,15
f,stormee,5,10,15
f,surveen,5,10,15
f,taryiah,5,10,15
f,vincy,5,10,15
f,zabella,5,10,15
f,zeya,5,10,15
f,zeyna,5,10,15
f,zinachimdi,5,10,15
m,aahaan,10,5,15
m,akul,10,5,15
m,allison,10,5,15
m,ananda,10,5,15
m,ashai,10,5,15
m,audi,10,5,15
m,baby,10,5,15
m,burak,10,5,15
m,ceaser,10,5,15
m,dagim,10,5,15
m,damyan,10,5,15
m,deaundre,10,5,15
m,derrius,10,5,15
m,emperor,10,5,15
m,fortune,10,5,15
m,frandy,10,5,15
m,georgiy,10,5,15
m,hyland,10,5,15
m,isaiahs,10,5,15
m,ithiel,10,5,15
m,jaidin,10,5,15
m,jakin,10,5,15
m,jarian,10,5,15
m,jayvan,10,5,15
m,jerzy,10,5,15
m,justo,10,5,15
m,keigen,10,5,15
m,khyle,10,5,15
m,koren,10,5,15
m,lasean,10,5,15
m,love,10,5,15
m,macklan,10,5,15
m,masato,10,5,15
m,matteus,10,5,15
m,mudassir,10,5,15
m,mylen,10,5,15
m,nashon,10,5,15
m,nathanel,10,5,15
m,nyzaiah,10,5,15
m,osric,10,5,15
m,piotr,10,5,15
m,srihari,10,5,15
m,stanlee,10,5,15
m,sterlin,10,5,15
m,terek,10,5,15
m,yale,10,5,15
m,abdirizak,9,6,15
m,abdulsamad,9,6,15
m,alexanderjames,9,6,15
m,antavious,9,6,15
m,anthoney,9,6,15
m,biagio,9,6,15
m,breton,9,6,15
m,callon,9,6,15
m,calvary,9,6,15
m,cosimo,9,6,15
m,daison,9,6,15
m,daken,9,6,15
m,damin,9,6,15
m,decklen,9,6,15
m,demarious,9,6,15
m,draedyn,9,6,15
m,eliya,9,6,15
m,elye,9,6,15
m,endy,9,6,15
m,esneider,9,6,15
m,gowtham,9,6,15
m,hatem,9,6,15
m,hung,9,6,15
m,irah,9,6,15
m,jaedan,9,6,15
m,jamori,9,6,15
m,jaxstin,9,6,15
m,jenaro,9,6,15
m,kaelon,9,6,15
m,kaheem,9,6,15
m,kajuan,9,6,15
m,kalub,9,6,15
m,kamori,9,6,15
m,kazuma,9,6,15
m,keithen,9,6,15
m,kenzie,9,6,15
m,koden,9,6,15
m,kshawn,9,6,15
m,kynan,9,6,15
m,lynell,9,6,15
m,mackinley,9,6,15
m,marquavious,9,6,15
m,mattheus,9,6,15
m,maxi,9,6,15
m,maxtin,9,6,15
m,maziah,9,6,15
m,mihajlo,9,6,15
m,nay,9,6,15
m,nevaeh,9,6,15
m,odis,9,6,15
m,princeamir,9,6,15
m,rage,9,6,15
m,raylyn,9,6,15
m,romaine,9,6,15
m,royel,9,6,15
m,rykar,9,6,15
m,ryuu,9,6,15
m,samvel,9,6,15
m,sirr,9,6,15
m,srijan,9,6,15
m,sruly,9,6,15
m,tagen,9,6,15
m,taison,9,6,15
m,traven,9,6,15
m,trek,9,6,15
m,trison,9,6,15
m,tron,9,6,15
m,trystyn,9,6,15
m,tyrrell,9,6,15
m,vitali,9,6,15
m,yaasir,9,6,15
m,zylin,9,6,15
m,abdulkadir,8,7,15
m,akili,8,7,15
m,alam,8,7,15
m,amius,8,7,15
m,anzar,8,7,15
m,ariah,8,7,15
m,armari,8,7,15
m,aryn,8,7,15
m,aryon,8,7,15
m,ashaad,8,7,15
m,athens,8,7,15
m,atif,8,7,15
m,avelardo,8,7,15
m,aythan,8,7,15
m,brinley,8,7,15
m,cabot,8,7,15
m,caidon,8,7,15
m,cashus,8,7,15
m,corrigan,8,7,15
m,creston,8,7,15
m,daiwik,8,7,15
m,deylan,8,7,15
m,diogo,8,7,15
m,douglass,8,7,15
m,eland,8,7,15
m,eliu,8,7,15
m,emoni,8,7,15
m,felton,8,7,15
m,fuller,8,7,15
m,garreth,8,7,15
m,gaspard,8,7,15
m,gedalya,8,7,15
m,hayder,8,7,15
m,heyden,8,7,15
m,hunt,8,7,15
m,huxlee,8,7,15
m,idrissa,8,7,15
m,ifeanyichukwu,8,7,15
m,iliya,8,7,15
m,issak,8,7,15
m,jacere,8,7,15
m,jamelle,8,7,15
m,jamiah,8,7,15
m,jamond,8,7,15
m,jazael,8,7,15
m,jerik,8,7,15
m,jessee,8,7,15
m,kairyn,8,7,15
m,karcyn,8,7,15
m,kazden,8,7,15
m,keiji,8,7,15
m,keneth,8,7,15
m,khanh,8,7,15
m,khyan,8,7,15
m,lajuan,8,7,15
m,larell,8,7,15
m,leelynd,8,7,15
m,lyndell,8,7,15
m,lynkon,8,7,15
m,mani,8,7,15
m,mayco,8,7,15
m,mckinnon,8,7,15
m,moataz,8,7,15
m,moath,8,7,15
m,moishy,8,7,15
m,moustafa,8,7,15
m,nephi,8,7,15
m,noelle,8,7,15
m,ogden,8,7,15
m,oluwatomi,8,7,15
m,rafiq,8,7,15
m,raman,8,7,15
m,rawson,8,7,15
m,rogers,8,7,15
m,roldan,8,7,15
m,rollins,8,7,15
m,rydin,8,7,15
m,saksham,8,7,15
m,samba,8,7,15
m,sariel,8,7,15
m,seleem,8,7,15
m,shahin,8,7,15
m,shuayb,8,7,15
m,siyon,8,7,15
m,teryn,8,7,15
m,toprak,8,7,15
m,tovia,8,7,15
m,trew,8,7,15
m,yani,8,7,15
m,zarif,8,7,15
m,zubin,8,7,15
m,zykeem,8,7,15
m,aarron,7,8,15
m,aason,7,8,15
m,ademola,7,8,15
m,ahadu,7,8,15
m,amante,7,8,15
m,amarien,7,8,15
m,anquan,7,8,15
m,arjay,7,8,15
m,armonie,7,8,15
m,arpan,7,8,15
m,ayren,7,8,15
m,barak,7,8,15
m,benoit,7,8,15
m,cashten,7,8,15
m,cayse,7,8,15
m,chancey,7,8,15
m,chord,7,8,15
m,dago,7,8,15
m,dajour,7,8,15
m,elex,7,8,15
m,fahim,7,8,15
m,field,7,8,15
m,fredi,7,8,15
m,garon,7,8,15
m,georgi,7,8,15
m,hughston,7,8,15
m,hussien,7,8,15
m,ifeoluwa,7,8,15
m,jadarrius,7,8,15
m,jahzeel,7,8,15
m,josejulian,7,8,15
m,jt,7,8,15
m,juanluis,7,8,15
m,juliocesar,7,8,15
m,jymir,7,8,15
m,kadien,7,8,15
m,kaleel,7,8,15
m,kanaloa,7,8,15
m,karel,7,8,15
m,kawai,7,8,15
m,kazim,7,8,15
m,keegen,7,8,15
m,kolbi,7,8,15
m,kortland,7,8,15
m,kyus,7,8,15
m,lauren,7,8,15
m,lochlyn,7,8,15
m,lynix,7,8,15
m,mackay,7,8,15
m,marqus,7,8,15
m,marz,7,8,15
m,masih,7,8,15
m,mickael,7,8,15
m,mio,7,8,15
m,nickan,7,8,15
m,nishanth,7,8,15
m,ollivander,7,8,15
m,omarie,7,8,15
m,oshay,7,8,15
m,peighton,7,8,15
m,primo,7,8,15
m,roane,7,8,15
m,rufino,7,8,15
m,sajjad,7,8,15
m,samridh,7,8,15
m,santiel,7,8,15
m,savage,7,8,15
m,seraj,7,8,15
m,shivin,7,8,15
m,striker,7,8,15
m,suvan,7,8,15
m,taevyn,7,8,15
m,taheem,7,8,15
m,tekoa,7,8,15
m,thadius,7,8,15
m,theory,7,8,15
m,tonatiuh,7,8,15
m,yanky,7,8,15
m,yehya,7,8,15
m,zamire,7,8,15
m,zaylyn,7,8,15
m,zeven,7,8,15
m,zymarion,7,8,15
m,zyrion,7,8,15
m,aayam,6,9,15
m,adorian,6,9,15
m,alva,6,9,15
m,alwin,6,9,15
m,amarey,6,9,15
m,arlie,6,9,15
m,asani,6,9,15
m,avis,6,9,15
m,ayotunde,6,9,15
m,barrick,6,9,15
m,chamberlain,6,9,15
m,chriss,6,9,15
m,crews,6,9,15
m,cyle,6,9,15
m,dallon,6,9,15
m,dareon,6,9,15
m,dayceon,6,9,15
m,dayren,6,9,15
m,diamonte,6,9,15
m,donavyn,6,9,15
m,ediz,6,9,15
m,erol,6,9,15
m,ezel,6,9,15
m,germain,6,9,15
m,gurshan,6,9,15
m,harjas,6,9,15
m,hipolito,6,9,15
m,jaad,6,9,15
m,jaloni,6,9,15
m,jaymason,6,9,15
m,karlito,6,9,15
m,kartikeya,6,9,15
m,kefren,6,9,15
m,keifer,6,9,15
m,khol,6,9,15
m,krayton,6,9,15
m,kristiano,6,9,15
m,librado,6,9,15
m,lyden,6,9,15
m,munasar,6,9,15
m,naftula,6,9,15
m,oluwatomisin,6,9,15
m,prayag,6,9,15
m,raheim,6,9,15
m,rashun,6,9,15
m,red,6,9,15
m,rein,6,9,15
m,rylynn,6,9,15
m,schneur,6,9,15
m,sevan,6,9,15
m,sonnie,6,9,15
m,sumedh,6,9,15
m,suvir,6,9,15
m,taedyn,6,9,15
m,tareq,6,9,15
m,tavyn,6,9,15
m,torry,6,9,15
m,treydon,6,9,15
m,vasili,6,9,15
m,vidyut,6,9,15
m,weslyn,6,9,15
m,yunior,6,9,15
m,zaviar,6,9,15
m,zikora,6,9,15
m,camp,5,10,15
m,chozen,5,10,15
m,christophe,5,10,15
m,cobin,5,10,15
m,coe,5,10,15
m,daichi,5,10,15
m,dasan,5,10,15
m,davarius,5,10,15
m,demere,5,10,15
m,desiderio,5,10,15
m,elison,5,10,15
m,godson,5,10,15
m,hyder,5,10,15
m,jayseon,5,10,15
m,kashaun,5,10,15
m,keiston,5,10,15
m,khyron,5,10,15
m,ki,5,10,15
m,koki,5,10,15
m,mazon,5,10,15
m,mikiyas,5,10,15
m,rhyse,5,10,15
m,safi,5,10,15
m,sahal,5,10,15
m,sang,5,10,15
m,tomasz,5,10,15
m,yifan,5,10,15
m,zaylor,5,10,15
f,aamari,9,5,14
f,ahmoni,9,5,14
f,aiana,9,5,14
f,akiya,9,5,14
f,akosua,9,5,14
f,amere,9,5,14
f,amiayah,9,5,14
f,anicia,9,5,14
f,areanna,9,5,14
f,azelyn,9,5,14
f,bostynn,9,5,14
f,breckin,9,5,14
f,bridgitte,9,5,14
f,briellah,9,5,14
f,brinda,9,5,14
f,brittanie,9,5,14
f,camie,9,5,14
f,caroleena,9,5,14
f,caselyn,9,5,14
f,chinenye,9,5,14
f,coleen,9,5,14
f,damyia,9,5,14
f,daviona,9,5,14
f,dhani,9,5,14
f,duru,9,5,14
f,eriah,9,5,14
f,ettel,9,5,14
f,euphemia,9,5,14
f,hadlei,9,5,14
f,haelynn,9,5,14
f,havah,9,5,14
f,irelia,9,5,14
f,isabellamarie,9,5,14
f,isabelly,9,5,14
f,jaelin,9,5,14
f,jamera,9,5,14
f,jameyah,9,5,14
f,jenavee,9,5,14
f,jennalynn,9,5,14
f,jeremiah,9,5,14
f,jesly,9,5,14
f,jhanae,9,5,14
f,jmarie,9,5,14
f,joniah,9,5,14
f,jovey,9,5,14
f,jozee,9,5,14
f,jumanah,9,5,14
f,karolynn,9,5,14
f,kaylnn,9,5,14
f,keyleen,9,5,14
f,khadra,9,5,14
f,khi,9,5,14
f,kushi,9,5,14
f,lashonda,9,5,14
f,laureli,9,5,14
f,lineth,9,5,14
f,lizzeth,9,5,14
f,madeliene,9,5,14
f,maidah,9,5,14
f,malai,9,5,14
f,malini,9,5,14
f,mally,9,5,14
f,maysoon,9,5,14
f,mckinna,9,5,14
f,milanni,9,5,14
f,nakota,9,5,14
f,neeka,9,5,14
f,nohelia,9,5,14
f,nollie,9,5,14
f,qirat,9,5,14
f,rayvn,9,5,14
f,siarra,9,5,14
f,soniyah,9,5,14
f,sugey,9,5,14
f,taaliah,9,5,14
f,tatumn,9,5,14
f,trish,9,5,14
f,umi,9,5,14
f,velia,9,5,14
f,yelina,9,5,14
f,zahniyah,9,5,14
f,zenith,9,5,14
f,zuree,9,5,14
f,adeliz,8,6,14
f,aedyn,8,6,14
f,agam,8,6,14
f,ahnesty,8,6,14
f,airyn,8,6,14
f,akaiya,8,6,14
f,alizandra,8,6,14
f,amylee,8,6,14
f,anaiza,8,6,14
f,anira,8,6,14
f,arayia,8,6,14
f,arayla,8,6,14
f,arcelia,8,6,14
f,aryian,8,6,14
f,astryd,8,6,14
f,atlanta,8,6,14
f,aubrianne,8,6,14
f,avalie,8,6,14
f,azriella,8,6,14
f,azyriah,8,6,14
f,cailah,8,6,14
f,capriana,8,6,14
f,carey,8,6,14
f,charlett,8,6,14
f,charna,8,6,14
f,chinmayi,8,6,14
f,chris,8,6,14
f,chyenne,8,6,14
f,clarabella,8,6,14
f,colton,8,6,14
f,damilola,8,6,14
f,damyra,8,6,14
f,davayah,8,6,14
f,demitria,8,6,14
f,deveah,8,6,14
f,dezlynn,8,6,14
f,doha,8,6,14
f,edelweiss,8,6,14
f,eibhlin,8,6,14
f,elanah,8,6,14
f,emmilynn,8,6,14
f,eriona,8,6,14
f,esly,8,6,14
f,gissele,8,6,14
f,gracielynn,8,6,14
f,halyn,8,6,14
f,hannahgrace,8,6,14
f,hansika,8,6,14
f,jailen,8,6,14
f,jaiona,8,6,14
f,jamela,8,6,14
f,janellie,8,6,14
f,janielle,8,6,14
f,jasmynn,8,6,14
f,jay,8,6,14
f,jette,8,6,14
f,joelyn,8,6,14
f,kaelynne,8,6,14
f,kairy,8,6,14
f,karri,8,6,14
f,kenlea,8,6,14
f,kerigan,8,6,14
f,kizzy,8,6,14
f,koralie,8,6,14
f,kyonna,8,6,14
f,kyriana,8,6,14
f,lakai,8,6,14
f,lamari,8,6,14
f,layleigh,8,6,14
f,lucee,8,6,14
f,lyliah,8,6,14
f,makiyla,8,6,14
f,malayjah,8,6,14
f,malenie,8,6,14
f,markia,8,6,14
f,martyna,8,6,14
f,mayan,8,6,14
f,mayara,8,6,14
f,mckynleigh,8,6,14
f,mikal,8,6,14
f,monserat,8,6,14
f,myleen,8,6,14
f,naama,8,6,14
f,nanami,8,6,14
f,nathan,8,6,14
f,naylaa,8,6,14
f,neiva,8,6,14
f,nemesis,8,6,14
f,netta,8,6,14
f,nigeria,8,6,14
f,olana,8,6,14
f,paden,8,6,14
f,peregrine,8,6,14
f,phynix,8,6,14
f,presly,8,6,14
f,raaga,8,6,14
f,radiance,8,6,14
f,raiven,8,6,14
f,rithanya,8,6,14
f,rosabel,8,6,14
f,rozalie,8,6,14
f,ryiah,8,6,14
f,sabra,8,6,14
f,sanyiah,8,6,14
f,saryn,8,6,14
f,shahana,8,6,14
f,shaivi,8,6,14
f,shelbee,8,6,14
f,sheyenne,8,6,14
f,socorro,8,6,14
f,sophiea,8,6,14
f,sumer,8,6,14
f,supriya,8,6,14
f,symiah,8,6,14
f,tanyia,8,6,14
f,terriah,8,6,14
f,tiffanie,8,6,14
f,trinitie,8,6,14
f,vaniyah,8,6,14
f,vinaya,8,6,14
f,vivika,8,6,14
f,yiran,8,6,14
f,zafira,8,6,14
f,zaily,8,6,14
f,zakyah,8,6,14
f,aabha,7,7,14
f,aastha,7,7,14
f,abisola,7,7,14
f,ahdia,7,7,14
f,aisleigh,7,7,14
f,aj,7,7,14
f,alegra,7,7,14
f,aleira,7,7,14
f,ameina,7,7,14
f,anahit,7,7,14
f,anayiah,7,7,14
f,annisa,7,7,14
f,antonette,7,7,14
f,areia,7,7,14
f,atia,7,7,14
f,audryana,7,7,14
f,avaa,7,7,14
f,avena,7,7,14
f,aysa,7,7,14
f,bailei,7,7,14
f,beza,7,7,14
f,braxley,7,7,14
f,breelan,7,7,14
f,bren,7,7,14
f,brin,7,7,14
f,brinly,7,7,14
f,britley,7,7,14
f,cailie,7,7,14
f,caralee,7,7,14
f,carleen,7,7,14
f,casia,7,7,14
f,catalya,7,7,14
f,chayla,7,7,14
f,chesni,7,7,14
f,chevie,7,7,14
f,dariely,7,7,14
f,dayan,7,7,14
f,deliliah,7,7,14
f,denaly,7,7,14
f,denna,7,7,14
f,derica,7,7,14
f,derriona,7,7,14
f,edyth,7,7,14
f,eimi,7,7,14
f,elen,7,7,14
f,elisea,7,7,14
f,emyiah,7,7,14
f,estephany,7,7,14
f,evalin,7,7,14
f,gabi,7,7,14
f,gabryela,7,7,14
f,geonna,7,7,14
f,graciemae,7,7,14
f,gracious,7,7,14
f,graecyn,7,7,14
f,gurnaaz,7,7,14
f,hadelyn,7,7,14
f,hiya,7,7,14
f,ikran,7,7,14
f,inaayah,7,7,14
f,izela,7,7,14
f,jaeonna,7,7,14
f,jakaylee,7,7,14
f,jara,7,7,14
f,jaselynn,7,7,14
f,jazzalynn,7,7,14
f,jentrie,7,7,14
f,jermia,7,7,14
f,jerni,7,7,14
f,jet,7,7,14
f,jleigh,7,7,14
f,joley,7,7,14
f,joylyn,7,7,14
f,justise,7,7,14
f,kataleyah,7,7,14
f,katarzyna,7,7,14
f,kayline,7,7,14
f,keighley,7,7,14
f,keionna,7,7,14
f,kelty,7,7,14
f,kendrick,7,7,14
f,kentlee,7,7,14
f,kevia,7,7,14
f,keziyah,7,7,14
f,kmarie,7,7,14
f,korin,7,7,14
f,kynadie,7,7,14
f,kyrin,7,7,14
f,lawsyn,7,7,14
f,lean,7,7,14
f,leialoha,7,7,14
f,lexianna,7,7,14
f,lezlie,7,7,14
f,liliannah,7,7,14
f,lilliahna,7,7,14
f,liyanna,7,7,14
f,loa,7,7,14
f,lolly,7,7,14
f,lucyann,7,7,14
f,lylee,7,7,14
f,makynlie,7,7,14
f,malayasia,7,7,14
f,marena,7,7,14
f,maryuri,7,7,14
f,maui,7,7,14
f,mazlyn,7,7,14
f,meloni,7,7,14
f,mialani,7,7,14
f,michaiah,7,7,14
f,mihaela,7,7,14
f,milenka,7,7,14
f,monserath,7,7,14
f,morrison,7,7,14
f,musiq,7,7,14
f,nadirah,7,7,14
f,nhyira,7,7,14
f,noelie,7,7,14
f,nolynn,7,7,14
f,nyimah,7,7,14
f,oktober,7,7,14
f,omaria,7,7,14
f,osmara,7,7,14
f,patty,7,7,14
f,ralyn,7,7,14
f,rhaelyn,7,7,14
f,rigley,7,7,14
f,rilei,7,7,14
f,riverlynn,7,7,14
f,rosalynne,7,7,14
f,roseann,7,7,14
f,rosebella,7,7,14
f,rosilyn,7,7,14
f,rushda,7,7,14
f,sanvitha,7,7,14
f,seraya,7,7,14
f,sisira,7,7,14
f,solyana,7,7,14
f,sophira,7,7,14
f,summerrose,7,7,14
f,teylor,7,7,14
f,tinzlee,7,7,14
f,vinisha,7,7,14
f,wakely,7,7,14
f,yen,7,7,14
f,yuxin,7,7,14
f,zayonna,7,7,14
f,zyair,7,7,14
f,aaliyana,6,8,14
f,abelina,6,8,14
f,alette,6,8,14
f,amaliya,6,8,14
f,ambry,6,8,14
f,amee,6,8,14
f,amika,6,8,14
f,amnah,6,8,14
f,anajah,6,8,14
f,anaria,6,8,14
f,andilynn,6,8,14
f,anelle,6,8,14
f,araia,6,8,14
f,ariarose,6,8,14
f,arlena,6,8,14
f,bekah,6,8,14
f,brissia,6,8,14
f,caelan,6,8,14
f,calliah,6,8,14
f,cambreigh,6,8,14
f,caralena,6,8,14
f,chaise,6,8,14
f,chinaza,6,8,14
f,cristen,6,8,14
f,damonie,6,8,14
f,danniela,6,8,14
f,davinity,6,8,14
f,dayzee,6,8,14
f,eevie,6,8,14
f,elayjah,6,8,14
f,ellason,6,8,14
f,elynor,6,8,14
f,erie,6,8,14
f,eveny,6,8,14
f,graelynn,6,8,14
f,guilianna,6,8,14
f,gwenith,6,8,14
f,hajira,6,8,14
f,harrison,6,8,14
f,henri,6,8,14
f,hibah,6,8,14
f,ishi,6,8,14
f,jaelianna,6,8,14
f,janalyn,6,8,14
f,janetta,6,8,14
f,jemiah,6,8,14
f,jernie,6,8,14
f,jinan,6,8,14
f,joeliz,6,8,14
f,joelynn,6,8,14
f,julyana,6,8,14
f,kaisleigh,6,8,14
f,kamdynn,6,8,14
f,kamorie,6,8,14
f,kanai,6,8,14
f,karyna,6,8,14
f,kaydynce,6,8,14
f,kayse,6,8,14
f,kaysee,6,8,14
f,kazi,6,8,14
f,keiona,6,8,14
f,kiralynn,6,8,14
f,kynlea,6,8,14
f,kynnlee,6,8,14
f,lyan,6,8,14
f,lydiana,6,8,14
f,lyn,6,8,14
f,lynlie,6,8,14
f,madie,6,8,14
f,madysin,6,8,14
f,magdaline,6,8,14
f,makalah,6,8,14
f,makinzee,6,8,14
f,mako,6,8,14
f,markan,6,8,14
f,mavi,6,8,14
f,momina,6,8,14
f,nadelyn,6,8,14
f,nalleli,6,8,14
f,natally,6,8,14
f,nathalee,6,8,14
f,naviah,6,8,14
f,nevaen,6,8,14
f,nimrit,6,8,14
f,ottilia,6,8,14
f,reha,6,8,14
f,remedi,6,8,14
f,rosalva,6,8,14
f,rosary,6,8,14
f,roselani,6,8,14
f,ruchama,6,8,14
f,sadiyah,6,8,14
f,sarika,6,8,14
f,shreenika,6,8,14
f,simonne,6,8,14
f,taygan,6,8,14
f,tiarah,6,8,14
f,torrey,6,8,14
f,velvet,6,8,14
f,veronique,6,8,14
f,vincent,6,8,14
f,xariyah,6,8,14
f,xya,6,8,14
f,yadhira,6,8,14
f,yeraldine,6,8,14
f,yichen,6,8,14
f,zolah,6,8,14
f,zsazsa,6,8,14
f,abaigeal,5,9,14
f,ahtziry,5,9,14
f,arelys,5,9,14
f,areni,5,9,14
f,asna,5,9,14
f,asyah,5,9,14
f,avynn,5,9,14
f,azirah,5,9,14
f,belia,5,9,14
f,brita,5,9,14
f,calliana,5,9,14
f,cambrey,5,9,14
f,dalanie,5,9,14
f,delancey,5,9,14
f,dereon,5,9,14
f,ellani,5,9,14
f,ellieann,5,9,14
f,ellody,5,9,14
f,emmani,5,9,14
f,emuna,5,9,14
f,evelynrose,5,9,14
f,ezrie,5,9,14
f,greenly,5,9,14
f,hawi,5,9,14
f,hessa,5,9,14
f,hibo,5,9,14
f,ilan,5,9,14
f,jakhia,5,9,14
f,jalaila,5,9,14
f,janeva,5,9,14
f,japneet,5,9,14
f,jaylinne,5,9,14
f,jeannine,5,9,14
f,jehan,5,9,14
f,jhournee,5,9,14
f,joules,5,9,14
f,kaelen,5,9,14
f,kamylle,5,9,14
f,kaoir,5,9,14
f,kenni,5,9,14
f,khady,5,9,14
f,khassidy,5,9,14
f,kjerstin,5,9,14
f,lamis,5,9,14
f,lillionna,5,9,14
f,ludmila,5,9,14
f,mackena,5,9,14
f,madalene,5,9,14
f,madelon,5,9,14
f,mahia,5,9,14
f,makenleigh,5,9,14
f,maziah,5,9,14
f,mckena,5,9,14
f,mikhayla,5,9,14
f,milian,5,9,14
f,misheel,5,9,14
f,modesireoluwa,5,9,14
f,myrakle,5,9,14
f,neima,5,9,14
f,oluwafikayomi,5,9,14
f,omega,5,9,14
f,rasika,5,9,14
f,reana,5,9,14
f,rehmat,5,9,14
f,rella,5,9,14
f,renn,5,9,14
f,roen,5,9,14
f,ruqayya,5,9,14
f,sanae,5,9,14
f,shaily,5,9,14
f,simaya,5,9,14
f,sirinity,5,9,14
f,susy,5,9,14
f,syah,5,9,14
f,vivie,5,9,14
f,vylet,5,9,14
f,weston,5,9,14
f,yacine,5,9,14
f,yasna,5,9,14
f,yenty,5,9,14
f,yeraldi,5,9,14
f,yuma,5,9,14
f,zachary,5,9,14
f,zaeda,5,9,14
f,zemora,5,9,14
f,zhoey,5,9,14
f,zolie,5,9,14
f,zriyah,5,9,14
m,adain,9,5,14
m,akito,9,5,14
m,antwuan,9,5,14
m,asahel,9,5,14
m,aubin,9,5,14
m,averett,9,5,14
m,avontae,9,5,14
m,avrian,9,5,14
m,ayron,9,5,14
m,baird,9,5,14
m,beni,9,5,14
m,brason,9,5,14
m,brettley,9,5,14
m,caffrey,9,5,14
m,caiman,9,5,14
m,cambren,9,5,14
m,carsin,9,5,14
m,chanson,9,5,14
m,christoper,9,5,14
m,davyon,9,5,14
m,derreck,9,5,14
m,dewitt,9,5,14
m,drago,9,5,14
m,durell,9,5,14
m,duron,9,5,14
m,dwan,9,5,14
m,dyron,9,5,14
m,ederson,9,5,14
m,ekin,9,5,14
m,emori,9,5,14
m,etai,9,5,14
m,harfateh,9,5,14
m,izaiyah,9,5,14
m,jamion,9,5,14
m,jehiel,9,5,14
m,juandavid,9,5,14
m,junaid,9,5,14
m,juventino,9,5,14
m,kaelum,9,5,14
m,kaikea,9,5,14
m,kao,9,5,14
m,kapone,9,5,14
m,kardell,9,5,14
m,kashon,9,5,14
m,keinan,9,5,14
m,kendryk,9,5,14
m,keno,9,5,14
m,keyondre,9,5,14
m,kiante,9,5,14
m,laytin,9,5,14
m,lonzo,9,5,14
m,mayukh,9,5,14
m,mercury,9,5,14
m,nasier,9,5,14
m,norbert,9,5,14
m,pius,9,5,14
m,poyraz,9,5,14
m,purav,9,5,14
m,richy,9,5,14
m,romelle,9,5,14
m,saarth,9,5,14
m,siddhanth,9,5,14
m,soliman,9,5,14
m,somtochukwu,9,5,14
m,tarell,9,5,14
m,tayo,9,5,14
m,tayvian,9,5,14
m,terrelle,9,5,14
m,tramell,9,5,14
m,tyten,9,5,14
m,vedder,9,5,14
m,whalen,9,5,14
m,yigit,9,5,14
m,zethan,9,5,14
m,abdishakur,8,6,14
m,adriell,8,6,14
m,ajeet,8,6,14
m,akiem,8,6,14
m,alphonzo,8,6,14
m,anant,8,6,14
m,aqeel,8,6,14
m,aqil,8,6,14
m,armany,8,6,14
m,armstrong,8,6,14
m,ashawn,8,6,14
m,asier,8,6,14
m,bence,8,6,14
m,bentleigh,8,6,14
m,bentli,8,6,14
m,beric,8,6,14
m,cas,8,6,14
m,cletus,8,6,14
m,colsyn,8,6,14
m,copelan,8,6,14
m,creede,8,6,14
m,daemyn,8,6,14
m,damaris,8,6,14
m,davieon,8,6,14
m,delson,8,6,14
m,demonie,8,6,14
m,dipson,8,6,14
m,farzad,8,6,14
m,gamal,8,6,14
m,gershom,8,6,14
m,gurtaj,8,6,14
m,hamdi,8,6,14
m,hooper,8,6,14
m,ignazio,8,6,14
m,jacieon,8,6,14
m,jamale,8,6,14
m,janthony,8,6,14
m,jaycean,8,6,14
m,jaymere,8,6,14
m,jb,8,6,14
m,jehan,8,6,14
m,jeorge,8,6,14
m,jerard,8,6,14
m,jered,8,6,14
m,jiovonni,8,6,14
m,kasir,8,6,14
m,keishaun,8,6,14
m,keynan,8,6,14
m,keyontae,8,6,14
m,khadim,8,6,14
m,khadir,8,6,14
m,khalen,8,6,14
m,khian,8,6,14
m,khylar,8,6,14
m,kierre,8,6,14
m,kiko,8,6,14
m,kinser,8,6,14
m,kinston,8,6,14
m,lashon,8,6,14
m,leonitus,8,6,14
m,liston,8,6,14
m,llewellyn,8,6,14
m,mayes,8,6,14
m,mikiah,8,6,14
m,mikias,8,6,14
m,moiz,8,6,14
m,mussa,8,6,14
m,nathanyel,8,6,14
m,navon,8,6,14
m,nicolae,8,6,14
m,pavan,8,6,14
m,prashant,8,6,14
m,ramell,8,6,14
m,revin,8,6,14
m,sagar,8,6,14
m,selwyn,8,6,14
m,shaden,8,6,14
m,summer,8,6,14
m,suryansh,8,6,14
m,tanveer,8,6,14
m,texas,8,6,14
m,traysen,8,6,14
m,tyke,8,6,14
m,viet,8,6,14
m,wayden,8,6,14
m,wilman,8,6,14
m,wyatte,8,6,14
m,yacqub,8,6,14
m,yaniv,8,6,14
m,yeicob,8,6,14
m,zahar,8,6,14
m,zale,8,6,14
m,zamere,8,6,14
m,zaya,8,6,14
m,zevi,8,6,14
m,zyquan,8,6,14
m,aaqil,7,7,14
m,acie,7,7,14
m,ackley,7,7,14
m,ahmod,7,7,14
m,alontae,7,7,14
m,arieon,7,7,14
m,arnel,7,7,14
m,autry,7,7,14
m,bankston,7,7,14
m,bayani,7,7,14
m,brexten,7,7,14
m,chipper,7,7,14
m,dal,7,7,14
m,denarius,7,7,14
m,donaldo,7,7,14
m,duwayne,7,7,14
m,emmette,7,7,14
m,fadil,7,7,14
m,gilad,7,7,14
m,grigor,7,7,14
m,haleem,7,7,14
m,illias,7,7,14
m,infant,7,7,14
m,jacks,7,7,14
m,jamahl,7,7,14
m,jarrel,7,7,14
m,jatavion,7,7,14
m,javeion,7,7,14
m,jaxstyn,7,7,14
m,jaziyah,7,7,14
m,jemar,7,7,14
m,jerric,7,7,14
m,johaan,7,7,14
m,kaisan,7,7,14
m,kavik,7,7,14
m,kaylum,7,7,14
m,keaden,7,7,14
m,keats,7,7,14
m,keiler,7,7,14
m,keiron,7,7,14
m,kelani,7,7,14
m,kenya,7,7,14
m,khizer,7,7,14
m,kier,7,7,14
m,levian,7,7,14
m,maleak,7,7,14
m,manvith,7,7,14
m,maxin,7,7,14
m,mccabe,7,7,14
m,mechel,7,7,14
m,mohit,7,7,14
m,montre,7,7,14
m,myrick,7,7,14
m,naheim,7,7,14
m,nycere,7,7,14
m,omaree,7,7,14
m,panav,7,7,14
m,panayiotis,7,7,14
m,parson,7,7,14
m,raaghav,7,7,14
m,raam,7,7,14
m,rahm,7,7,14
m,ramari,7,7,14
m,rasean,7,7,14
m,roddrick,7,7,14
m,rudolfo,7,7,14
m,salaar,7,7,14
m,shalev,7,7,14
m,shaymus,7,7,14
m,tarrell,7,7,14
m,tilman,7,7,14
m,travin,7,7,14
m,trayon,7,7,14
m,turan,7,7,14
m,tykeem,7,7,14
m,vashon,7,7,14
m,venice,7,7,14
m,vinn,7,7,14
m,voss,7,7,14
m,yancy,7,7,14
m,yonason,7,7,14
m,yuval,7,7,14
m,zaide,7,7,14
m,zakarias,7,7,14
m,zaron,7,7,14
m,zixuan,7,7,14
m,zohair,7,7,14
m,abaan,6,8,14
m,abhiraj,6,8,14
m,acxel,6,8,14
m,adebayo,6,8,14
m,alistar,6,8,14
m,andrzej,6,8,14
m,antonyo,6,8,14
m,arland,6,8,14
m,asaf,6,8,14
m,aung,6,8,14
m,avondre,6,8,14
m,beowulf,6,8,14
m,bhavin,6,8,14
m,bonham,6,8,14
m,bowdy,6,8,14
m,brayten,6,8,14
m,breeze,6,8,14
m,breland,6,8,14
m,burech,6,8,14
m,cambryn,6,8,14
m,caynan,6,8,14
m,chanston,6,8,14
m,clovis,6,8,14
m,dayquan,6,8,14
m,derell,6,8,14
m,dezmin,6,8,14
m,diem,6,8,14
m,draymond,6,8,14
m,duy,6,8,14
m,edden,6,8,14
m,elisandro,6,8,14
m,esaiah,6,8,14
m,fawkes,6,8,14
m,fielder,6,8,14
m,froilan,6,8,14
m,godfrey,6,8,14
m,gurjot,6,8,14
m,haaris,6,8,14
m,haggai,6,8,14
m,hammond,6,8,14
m,haoran,6,8,14
m,herminio,6,8,14
m,imir,6,8,14
m,jacian,6,8,14
m,jadeveon,6,8,14
m,javyn,6,8,14
m,jepson,6,8,14
m,jeycob,6,8,14
m,johnell,6,8,14
m,kartel,6,8,14
m,kayode,6,8,14
m,ketch,6,8,14
m,khingston,6,8,14
m,kiel,6,8,14
m,kingstan,6,8,14
m,korede,6,8,14
m,koree,6,8,14
m,krishawn,6,8,14
m,lanson,6,8,14
m,leniel,6,8,14
m,lesley,6,8,14
m,leto,6,8,14
m,linux,6,8,14
m,malyk,6,8,14
m,milano,6,8,14
m,miroslav,6,8,14
m,mohammedali,6,8,14
m,morad,6,8,14
m,muhannad,6,8,14
m,musiq,6,8,14
m,nahzir,6,8,14
m,nicanor,6,8,14
m,nivek,6,8,14
m,nyxon,6,8,14
m,phong,6,8,14
m,psalm,6,8,14
m,quindarius,6,8,14
m,refugio,6,8,14
m,rustam,6,8,14
m,sava,6,8,14
m,sedric,6,8,14
m,sharon,6,8,14
m,silvan,6,8,14
m,stedman,6,8,14
m,steffon,6,8,14
m,tahmeed,6,8,14
m,taiwan,6,8,14
m,tevyn,6,8,14
m,tymier,6,8,14
m,yeremy,6,8,14
m,abdulhamid,5,9,14
m,achyut,5,9,14
m,alexx,5,9,14
m,amaad,5,9,14
m,anikin,5,9,14
m,arfan,5,9,14
m,aylen,5,9,14
m,bryen,5,9,14
m,channon,5,9,14
m,daxen,5,9,14
m,delaney,5,9,14
m,dermot,5,9,14
m,dom,5,9,14
m,durham,5,9,14
m,dvonte,5,9,14
m,emmanual,5,9,14
m,erza,5,9,14
m,franciszek,5,9,14
m,fyodor,5,9,14
m,haston,5,9,14
m,hussam,5,9,14
m,jahcere,5,9,14
m,jaquavion,5,9,14
m,jaxsten,5,9,14
m,jaydien,5,9,14
m,jonathyn,5,9,14
m,josyiah,5,9,14
m,jowel,5,9,14
m,kennith,5,9,14
m,khalon,5,9,14
m,kile,5,9,14
m,lydon,5,9,14
m,martinez,5,9,14
m,matthan,5,9,14
m,mcallister,5,9,14
m,navarro,5,9,14
m,naven,5,9,14
m,neer,5,9,14
m,nicolaas,5,9,14
m,nived,5,9,14
m,nunzio,5,9,14
m,nyaire,5,9,14
m,penelope,5,9,14
m,pratyush,5,9,14
m,rakshan,5,9,14
m,sayler,5,9,14
m,sekai,5,9,14
m,sherwood,5,9,14
m,shoaib,5,9,14
m,sohaib,5,9,14
m,uzay,5,9,14
m,zepplin,5,9,14
m,zihan,5,9,14
f,aakriti,8,5,13
f,aalayiah,8,5,13
f,aarian,8,5,13
f,abigayl,8,5,13
f,abrah,8,5,13
f,adelei,8,5,13
f,adhithi,8,5,13
f,akiko,8,5,13
f,aleera,8,5,13
f,aleynna,8,5,13
f,amai,8,5,13
f,ambika,8,5,13
f,ambre,8,5,13
f,anakaren,8,5,13
f,aneya,8,5,13
f,arlyne,8,5,13
f,ashonti,8,5,13
f,asteria,8,5,13
f,attalie,8,5,13
f,aubreyrose,8,5,13
f,aundraya,8,5,13
f,aurbree,8,5,13
f,avereigh,8,5,13
f,ayzah,8,5,13
f,baran,8,5,13
f,betzabe,8,5,13
f,blayze,8,5,13
f,brightly,8,5,13
f,briyana,8,5,13
f,burkleigh,8,5,13
f,cala,8,5,13
f,calii,8,5,13
f,carely,8,5,13
f,carlea,8,5,13
f,carliyah,8,5,13
f,cesilia,8,5,13
f,chelby,8,5,13
f,cicily,8,5,13
f,ciella,8,5,13
f,corrin,8,5,13
f,dalaila,8,5,13
f,danira,8,5,13
f,delena,8,5,13
f,deliana,8,5,13
f,deondra,8,5,13
f,dinorah,8,5,13
f,eilene,8,5,13
f,ellyott,8,5,13
f,embyr,8,5,13
f,eryka,8,5,13
f,feiga,8,5,13
f,gabrielly,8,5,13
f,grisel,8,5,13
f,harshika,8,5,13
f,hemen,8,5,13
f,hynlee,8,5,13
f,idania,8,5,13
f,idil,8,5,13
f,ivry,8,5,13
f,jacky,8,5,13
f,jaedah,8,5,13
f,jaisley,8,5,13
f,jalila,8,5,13
f,jan,8,5,13
f,jaylena,8,5,13
f,jeidy,8,5,13
f,jenayah,8,5,13
f,jericka,8,5,13
f,jillianne,8,5,13
f,joclynn,8,5,13
f,kahleesi,8,5,13
f,kaile,8,5,13
f,kaitlynne,8,5,13
f,kaity,8,5,13
f,kalianne,8,5,13
f,kamalei,8,5,13
f,kasi,8,5,13
f,kataryna,8,5,13
f,keelynn,8,5,13
f,kmiyah,8,5,13
f,korrine,8,5,13
f,kseniya,8,5,13
f,kyera,8,5,13
f,kymoni,8,5,13
f,lakiya,8,5,13
f,lanaiya,8,5,13
f,leannie,8,5,13
f,lenayah,8,5,13
f,leone,8,5,13
f,lexine,8,5,13
f,maali,8,5,13
f,macaria,8,5,13
f,makara,8,5,13
f,malay,8,5,13
f,mang,8,5,13
f,manroop,8,5,13
f,mariaisabella,8,5,13
f,marjona,8,5,13
f,maryhelen,8,5,13
f,maymunah,8,5,13
f,mays,8,5,13
f,miette,8,5,13
f,mikenzi,8,5,13
f,mikyah,8,5,13
f,nakira,8,5,13
f,nelida,8,5,13
f,ninamarie,8,5,13
f,nineveh,8,5,13
f,nyhla,8,5,13
f,paizlie,8,5,13
f,quiana,8,5,13
f,quinci,8,5,13
f,riza,8,5,13
f,rockie,8,5,13
f,rosalea,8,5,13
f,rumor,8,5,13
f,saki,8,5,13
f,salimata,8,5,13
f,samorah,8,5,13
f,senaya,8,5,13
f,shahina,8,5,13
f,shavon,8,5,13
f,shayma,8,5,13
f,ski,8,5,13
f,sookie,8,5,13
f,soriyah,8,5,13
f,srija,8,5,13
f,sutter,8,5,13
f,sweden,8,5,13
f,symphanie,8,5,13
f,talah,8,5,13
f,taysia,8,5,13
f,temari,8,5,13
f,terrah,8,5,13
f,tiah,8,5,13
f,troy,8,5,13
f,vianka,8,5,13
f,vidia,8,5,13
f,xoie,8,5,13
f,yadelin,8,5,13
f,yalda,8,5,13
f,zaidy,8,5,13
f,zoa,8,5,13
f,zoeigh,8,5,13
f,aamori,7,6,13
f,abiageal,7,6,13
f,ace,7,6,13
f,adalen,7,6,13
f,adlin,7,6,13
f,ahilyn,7,6,13
f,ai,7,6,13
f,aireanna,7,6,13
f,alaeyah,7,6,13
f,alayzia,7,6,13
f,alila,7,6,13
f,alionna,7,6,13
f,alreem,7,6,13
f,ambriella,7,6,13
f,amenia,7,6,13
f,amyriah,7,6,13
f,anahla,7,6,13
f,andreina,7,6,13
f,annalese,7,6,13
f,anyely,7,6,13
f,arybella,7,6,13
f,auree,7,6,13
f,avannah,7,6,13
f,avorie,7,6,13
f,avriella,7,6,13
f,ayvree,7,6,13
f,azrah,7,6,13
f,bradlie,7,6,13
f,braelin,7,6,13
f,branna,7,6,13
f,breyah,7,6,13
f,brynja,7,6,13
f,cade,7,6,13
f,calea,7,6,13
f,clarie,7,6,13
f,corazon,7,6,13
f,davaya,7,6,13
f,dayja,7,6,13
f,daylah,7,6,13
f,daziah,7,6,13
f,deidra,7,6,13
f,demyiah,7,6,13
f,drianna,7,6,13
f,dyamond,7,6,13
f,eilah,7,6,13
f,eisleigh,7,6,13
f,enma,7,6,13
f,evalyse,7,6,13
f,fatimatou,7,6,13
f,genesi,7,6,13
f,hansini,7,6,13
f,harlin,7,6,13
f,himani,7,6,13
f,holliday,7,6,13
f,hollynn,7,6,13
f,inas,7,6,13
f,infiniti,7,6,13
f,isabele,7,6,13
f,ishaani,7,6,13
f,jahnia,7,6,13
f,jaidan,7,6,13
f,jakelin,7,6,13
f,jakeria,7,6,13
f,jamora,7,6,13
f,janora,7,6,13
f,jennavecia,7,6,13
f,joanny,7,6,13
f,jonnae,7,6,13
f,jovita,7,6,13
f,juman,7,6,13
f,kaedynce,7,6,13
f,kahlyn,7,6,13
f,karlea,7,6,13
f,kaveah,7,6,13
f,keilianys,7,6,13
f,kelcy,7,6,13
f,kelsa,7,6,13
f,khora,7,6,13
f,khyrie,7,6,13
f,kindra,7,6,13
f,korinna,7,6,13
f,krystelle,7,6,13
f,krystin,7,6,13
f,kymberlynn,7,6,13
f,lakenya,7,6,13
f,laklyn,7,6,13
f,larimar,7,6,13
f,lisha,7,6,13
f,lovette,7,6,13
f,loyalti,7,6,13
f,lynnie,7,6,13
f,mackenzye,7,6,13
f,madylan,7,6,13
f,maeryn,7,6,13
f,maggiemae,7,6,13
f,maham,7,6,13
f,makhi,7,6,13
f,malk,7,6,13
f,malyn,7,6,13
f,mariangela,7,6,13
f,mayline,7,6,13
f,maysam,7,6,13
f,mccoy,7,6,13
f,mellani,7,6,13
f,michaelah,7,6,13
f,mikeila,7,6,13
f,mikki,7,6,13
f,miu,7,6,13
f,mkayla,7,6,13
f,mumina,7,6,13
f,najmo,7,6,13
f,nakya,7,6,13
f,nalea,7,6,13
f,neeley,7,6,13
f,neelia,7,6,13
f,nneoma,7,6,13
f,noralyn,7,6,13
f,nyomie,7,6,13
f,oren,7,6,13
f,oria,7,6,13
f,patton,7,6,13
f,pearson,7,6,13
f,portlyn,7,6,13
f,purvi,7,6,13
f,randee,7,6,13
f,ravya,7,6,13
f,reika,7,6,13
f,riko,7,6,13
f,rosaleah,7,6,13
f,rukaya,7,6,13
f,sabreena,7,6,13
f,salam,7,6,13
f,samaiyah,7,6,13
f,saphyra,7,6,13
f,sarahjane,7,6,13
f,saveena,7,6,13
f,sawda,7,6,13
f,scotty,7,6,13
f,sharae,7,6,13
f,simrin,7,6,13
f,skya,7,6,13
f,skyleen,7,6,13
f,taleigh,7,6,13
f,tanay,7,6,13
f,tanzila,7,6,13
f,teraji,7,6,13
f,teriana,7,6,13
f,timberlee,7,6,13
f,torey,7,6,13
f,valena,7,6,13
f,veralyn,7,6,13
f,victorious,7,6,13
f,windy,7,6,13
f,yaelle,7,6,13
f,yarden,7,6,13
f,yarlin,7,6,13
f,yorleny,7,6,13
f,zaylen,7,6,13
f,zian,7,6,13
f,aaris,6,7,13
f,abhigna,6,7,13
f,acsa,6,7,13
f,addiline,6,7,13
f,adelayde,6,7,13
f,adila,6,7,13
f,adiyah,6,7,13
f,adream,6,7,13
f,adriyanna,6,7,13
f,aishleen,6,7,13
f,aki,6,7,13
f,akriti,6,7,13
f,aksha,6,7,13
f,alee,6,7,13
f,aleria,6,7,13
f,aleshia,6,7,13
f,alicyn,6,7,13
f,alimah,6,7,13
f,alizeh,6,7,13
f,alliya,6,7,13
f,allysen,6,7,13
f,amadi,6,7,13
f,amariss,6,7,13
f,amrie,6,7,13
f,anhar,6,7,13
f,annaleese,6,7,13
f,anyi,6,7,13
f,aponi,6,7,13
f,aqua,6,7,13
f,arij,6,7,13
f,aslan,6,7,13
f,astyn,6,7,13
f,aubreeanna,6,7,13
f,aubria,6,7,13
f,avangelina,6,7,13
f,avayla,6,7,13
f,avriel,6,7,13
f,azyria,6,7,13
f,breindel,6,7,13
f,brizeida,6,7,13
f,cambrea,6,7,13
f,carman,6,7,13
f,carolyna,6,7,13
f,cassiel,6,7,13
f,ceara,6,7,13
f,ceriyah,6,7,13
f,chloemarie,6,7,13
f,christiane,6,7,13
f,christyanna,6,7,13
f,dahlya,6,7,13
f,destynie,6,7,13
f,dnyla,6,7,13
f,elizabethann,6,7,13
f,elon,6,7,13
f,eloni,6,7,13
f,elyzah,6,7,13
f,elzie,6,7,13
f,embri,6,7,13
f,emmanuel,6,7,13
f,erendira,6,7,13
f,esbeydi,6,7,13
f,evans,6,7,13
f,fallynn,6,7,13
f,fauna,6,7,13
f,feyza,6,7,13
f,galena,6,7,13
f,gali,6,7,13
f,genecis,6,7,13
f,gracianna,6,7,13
f,haden,6,7,13
f,horizon,6,7,13
f,hydee,6,7,13
f,ilany,6,7,13
f,ilma,6,7,13
f,insiyah,6,7,13
f,jacalyn,6,7,13
f,jaedynn,6,7,13
f,jahanna,6,7,13
f,jakaila,6,7,13
f,jakailyn,6,7,13
f,jalana,6,7,13
f,jamillah,6,7,13
f,janeen,6,7,13
f,jason,6,7,13
f,jeilany,6,7,13
f,joia,6,7,13
f,joye,6,7,13
f,kaena,6,7,13
f,kailena,6,7,13
f,kallan,6,7,13
f,kambreigh,6,7,13
f,kamella,6,7,13
f,kamlyn,6,7,13
f,kassy,6,7,13
f,kaycen,6,7,13
f,kenedee,6,7,13
f,keslee,6,7,13
f,keylianis,6,7,13
f,kihara,6,7,13
f,kindyl,6,7,13
f,klarke,6,7,13
f,kohana,6,7,13
f,kween,6,7,13
f,kytzia,6,7,13
f,labria,6,7,13
f,larah,6,7,13
f,lauralynn,6,7,13
f,laylynn,6,7,13
f,layney,6,7,13
f,leyonna,6,7,13
f,lilyauna,6,7,13
f,livinia,6,7,13
f,lynex,6,7,13
f,maevry,6,7,13
f,maicie,6,7,13
f,mairen,6,7,13
f,malajah,6,7,13
f,malori,6,7,13
f,matalynn,6,7,13
f,mayari,6,7,13
f,maybellene,6,7,13
f,mayven,6,7,13
f,meesha,6,7,13
f,meeya,6,7,13
f,meridith,6,7,13
f,mikeala,6,7,13
f,mirela,6,7,13
f,miski,6,7,13
f,miylah,6,7,13
f,momo,6,7,13
f,nasia,6,7,13
f,natalija,6,7,13
f,natsumi,6,7,13
f,naziah,6,7,13
f,neoma,6,7,13
f,nickayla,6,7,13
f,normajean,6,7,13
f,nyelah,6,7,13
f,omera,6,7,13
f,oviya,6,7,13
f,payzleigh,6,7,13
f,pragathi,6,7,13
f,pranathi,6,7,13
f,rainn,6,7,13
f,raksha,6,7,13
f,ramani,6,7,13
f,rhyanna,6,7,13
f,riyaan,6,7,13
f,romilly,6,7,13
f,ruqiya,6,7,13
f,ruthvika,6,7,13
f,sailer,6,7,13
f,samiksha,6,7,13
f,sarrah,6,7,13
f,savera,6,7,13
f,senia,6,7,13
f,shaniece,6,7,13
f,shyonna,6,7,13
f,sibella,6,7,13
f,silje,6,7,13
f,siriah,6,7,13
f,skyelyn,6,7,13
f,smrithi,6,7,13
f,solymar,6,7,13
f,sondra,6,7,13
f,sophronia,6,7,13
f,sosefina,6,7,13
f,stefanny,6,7,13
f,suhey,6,7,13
f,taleeya,6,7,13
f,tammie,6,7,13
f,tansy,6,7,13
f,tianah,6,7,13
f,timara,6,7,13
f,velma,6,7,13
f,vickie,6,7,13
f,wendi,6,7,13
f,xzaria,6,7,13
f,yalina,6,7,13
f,yoltzin,6,7,13
f,yunalesca,6,7,13
f,zahriah,6,7,13
f,zamyiah,6,7,13
f,zatanna,6,7,13
f,zeila,6,7,13
f,zitlali,6,7,13
f,zuleica,6,7,13
f,aamiya,5,8,13
f,aarnavi,5,8,13
f,advitha,5,8,13
f,afreen,5,8,13
f,ajna,5,8,13
f,alayasia,5,8,13
f,aljawhara,5,8,13
f,allene,5,8,13
f,almendra,5,8,13
f,amiira,5,8,13
f,anab,5,8,13
f,analei,5,8,13
f,analysa,5,8,13
f,anandi,5,8,13
f,anapaola,5,8,13
f,aniella,5,8,13
f,annaleia,5,8,13
f,arlow,5,8,13
f,aryaa,5,8,13
f,ashani,5,8,13
f,ashika,5,8,13
f,avahlynn,5,8,13
f,avalei,5,8,13
f,avalena,5,8,13
f,ayrin,5,8,13
f,azaleigh,5,8,13
f,azmariah,5,8,13
f,bilen,5,8,13
f,blaize,5,8,13
f,brinklee,5,8,13
f,cabela,5,8,13
f,ciri,5,8,13
f,dakiyah,5,8,13
f,debby,5,8,13
f,deryn,5,8,13
f,devaeh,5,8,13
f,eisha,5,8,13
f,emberlie,5,8,13
f,erioluwa,5,8,13
f,erva,5,8,13
f,evanny,5,8,13
f,evin,5,8,13
f,eyra,5,8,13
f,felisha,5,8,13
f,frayda,5,8,13
f,fynlie,5,8,13
f,gabryelle,5,8,13
f,gyanna,5,8,13
f,hadja,5,8,13
f,hannan,5,8,13
f,harlen,5,8,13
f,hart,5,8,13
f,havynn,5,8,13
f,hina,5,8,13
f,ifunanya,5,8,13
f,irsa,5,8,13
f,ivoree,5,8,13
f,jaasritha,5,8,13
f,jacksyn,5,8,13
f,janaki,5,8,13
f,janiyha,5,8,13
f,jerzy,5,8,13
f,julliette,5,8,13
f,jun,5,8,13
f,kaashvi,5,8,13
f,karie,5,8,13
f,karliyah,5,8,13
f,kayelyn,5,8,13
f,kaylonni,5,8,13
f,kessley,5,8,13
f,keylah,5,8,13
f,keymoni,5,8,13
f,khalis,5,8,13
f,lahari,5,8,13
f,lexiana,5,8,13
f,leyda,5,8,13
f,liberti,5,8,13
f,lilikoi,5,8,13
f,lilliani,5,8,13
f,lunden,5,8,13
f,maecy,5,8,13
f,makinze,5,8,13
f,malynn,5,8,13
f,marija,5,8,13
f,marjory,5,8,13
f,marylouise,5,8,13
f,mayerlin,5,8,13
f,melaniee,5,8,13
f,mikaiah,5,8,13
f,miriana,5,8,13
f,naleyah,5,8,13
f,natilynn,5,8,13
f,neily,5,8,13
f,nelliel,5,8,13
f,niana,5,8,13
f,nykia,5,8,13
f,oniyah,5,8,13
f,payzley,5,8,13
f,penni,5,8,13
f,pooja,5,8,13
f,qiana,5,8,13
f,raini,5,8,13
f,rees,5,8,13
f,reiya,5,8,13
f,rhyla,5,8,13
f,rim,5,8,13
f,ritisha,5,8,13
f,rosealie,5,8,13
f,ryna,5,8,13
f,sadeen,5,8,13
f,sarajane,5,8,13
f,saudia,5,8,13
f,seras,5,8,13
f,sevi,5,8,13
f,shya,5,8,13
f,silvanna,5,8,13
f,stellaluna,5,8,13
f,syenna,5,8,13
f,tirenioluwa,5,8,13
f,westlynn,5,8,13
f,xyliana,5,8,13
f,yaniyah,5,8,13
f,yiyi,5,8,13
f,yovanna,5,8,13
f,yuval,5,8,13
f,zaraiah,5,8,13
f,zeyla,5,8,13
f,zorianna,5,8,13
f,zuleimy,5,8,13
m,abdirahim,8,5,13
m,aidrian,8,5,13
m,aidynn,8,5,13
m,anfernee,8,5,13
m,aquarius,8,5,13
m,arkan,8,5,13
m,arren,8,5,13
m,ason,8,5,13
m,barnes,8,5,13
m,bevan,8,5,13
m,brendin,8,5,13
m,buchanan,8,5,13
m,chasyn,8,5,13
m,chen,8,5,13
m,chrishaun,8,5,13
m,coast,8,5,13
m,corrie,8,5,13
m,dayvian,8,5,13
m,deaven,8,5,13
m,denahi,8,5,13
m,deriel,8,5,13
m,draeden,8,5,13
m,eldrick,8,5,13
m,elmin,8,5,13
m,endrit,8,5,13
m,eryx,8,5,13
m,estaban,8,5,13
m,faith,8,5,13
m,frost,8,5,13
m,greysun,8,5,13
m,hobbs,8,5,13
m,isiaha,8,5,13
m,ivin,8,5,13
m,jadarian,8,5,13
m,jadis,8,5,13
m,jakyren,8,5,13
m,jamail,8,5,13
m,javonta,8,5,13
m,jaxxton,8,5,13
m,jayln,8,5,13
m,jemuel,8,5,13
m,jerad,8,5,13
m,jerardo,8,5,13
m,johnpatrick,8,5,13
m,joyce,8,5,13
m,kalid,8,5,13
m,karanvir,8,5,13
m,kay,8,5,13
m,keilen,8,5,13
m,khaidyn,8,5,13
m,kourosh,8,5,13
m,kyo,8,5,13
m,leor,8,5,13
m,macintyre,8,5,13
m,majeed,8,5,13
m,manvir,8,5,13
m,micajah,8,5,13
m,moo,8,5,13
m,muhanad,8,5,13
m,najeeb,8,5,13
m,nasiir,8,5,13
m,nikai,8,5,13
m,omair,8,5,13
m,orren,8,5,13
m,rawlins,8,5,13
m,rilen,8,5,13
m,san,8,5,13
m,shamon,8,5,13
m,shyheim,8,5,13
m,syd,8,5,13
m,syier,8,5,13
m,tag,8,5,13
m,tracker,8,5,13
m,traiden,8,5,13
m,tyrelle,8,5,13
m,vigo,8,5,13
m,yiyang,8,5,13
m,aayaan,7,6,13
m,ahking,7,6,13
m,alassane,7,6,13
m,alius,7,6,13
m,andyn,7,6,13
m,antron,7,6,13
m,arison,7,6,13
m,arshad,7,6,13
m,arteen,7,6,13
m,aydian,7,6,13
m,bailen,7,6,13
m,bandar,7,6,13
m,barkon,7,6,13
m,bela,7,6,13
m,bentlie,7,6,13
m,brais,7,6,13
m,brittain,7,6,13
m,brittan,7,6,13
m,brom,7,6,13
m,browning,7,6,13
m,calib,7,6,13
m,caseton,7,6,13
m,clever,7,6,13
m,connolly,7,6,13
m,dah,7,6,13
m,daivon,7,6,13
m,danis,7,6,13
m,deavion,7,6,13
m,dequarius,7,6,13
m,derry,7,6,13
m,dezion,7,6,13
m,dhyey,7,6,13
m,dupree,7,6,13
m,eiven,7,6,13
m,emeterio,7,6,13
m,emmerick,7,6,13
m,enzi,7,6,13
m,erioluwa,7,6,13
m,estiven,7,6,13
m,euriah,7,6,13
m,everrett,7,6,13
m,fordham,7,6,13
m,giann,7,6,13
m,harbour,7,6,13
m,haydan,7,6,13
m,hrihaan,7,6,13
m,ilian,7,6,13
m,inoke,7,6,13
m,isais,7,6,13
m,ivor,7,6,13
m,jabbar,7,6,13
m,jacyon,7,6,13
m,jaggar,7,6,13
m,jaquel,7,6,13
m,jasani,7,6,13
m,jaymie,7,6,13
m,jexiel,7,6,13
m,jocsan,7,6,13
m,johnmatthew,7,6,13
m,kaisei,7,6,13
m,kamuela,7,6,13
m,karnell,7,6,13
m,kashe,7,6,13
m,kastle,7,6,13
m,keatyn,7,6,13
m,kee,7,6,13
m,keeyan,7,6,13
m,kenney,7,6,13
m,kharon,7,6,13
m,kiril,7,6,13
m,knighton,7,6,13
m,langley,7,6,13
m,larue,7,6,13
m,leart,7,6,13
m,maciah,7,6,13
m,maclean,7,6,13
m,malacai,7,6,13
m,massai,7,6,13
m,moaz,7,6,13
m,montell,7,6,13
m,muneer,7,6,13
m,mykai,7,6,13
m,naphtali,7,6,13
m,noell,7,6,13
m,olufemi,7,6,13
m,orel,7,6,13
m,osmany,7,6,13
m,otavio,7,6,13
m,ovidio,7,6,13
m,paxtin,7,6,13
m,pharell,7,6,13
m,rael,7,6,13
m,raidon,7,6,13
m,rajvir,7,6,13
m,rylend,7,6,13
m,sajad,7,6,13
m,samraat,7,6,13
m,saquan,7,6,13
m,siyah,7,6,13
m,suyash,7,6,13
m,tajuan,7,6,13
m,tawfiq,7,6,13
m,thadeo,7,6,13
m,thanh,7,6,13
m,thorne,7,6,13
m,toran,7,6,13
m,toriano,7,6,13
m,toribio,7,6,13
m,traeger,7,6,13
m,trelyn,7,6,13
m,tremon,7,6,13
m,tzion,7,6,13
m,ulrik,7,6,13
m,valdemar,7,6,13
m,westlee,7,6,13
m,wilkin,7,6,13
m,wilmar,7,6,13
m,yordy,7,6,13
m,yosmar,7,6,13
m,zackari,7,6,13
m,zarrar,7,6,13
m,zekai,7,6,13
m,zevin,7,6,13
m,aarjav,6,7,13
m,abie,6,7,13
m,abshir,6,7,13
m,adolphus,6,7,13
m,agustine,6,7,13
m,akhilles,6,7,13
m,alameen,6,7,13
m,amirali,6,7,13
m,antjuan,6,7,13
m,anze,6,7,13
m,arsal,6,7,13
m,ashad,6,7,13
m,atreya,6,7,13
m,axzel,6,7,13
m,aylin,6,7,13
m,ayo,6,7,13
m,barney,6,7,13
m,braun,6,7,13
m,brex,6,7,13
m,callin,6,7,13
m,canelo,6,7,13
m,chimaobi,6,7,13
m,chiron,6,7,13
m,clayson,6,7,13
m,coreyon,6,7,13
m,corrado,6,7,13
m,correy,6,7,13
m,dacen,6,7,13
m,daeton,6,7,13
m,dakai,6,7,13
m,dayyan,6,7,13
m,delan,6,7,13
m,dmarco,6,7,13
m,dominyk,6,7,13
m,edem,6,7,13
m,eduin,6,7,13
m,eno,6,7,13
m,estiben,6,7,13
m,fayez,6,7,13
m,feliks,6,7,13
m,fidencio,6,7,13
m,gabrien,6,7,13
m,garyson,6,7,13
m,giordano,6,7,13
m,gyasi,6,7,13
m,haoyu,6,7,13
m,harshith,6,7,13
m,havok,6,7,13
m,hazim,6,7,13
m,hollister,6,7,13
m,hser,6,7,13
m,ilija,6,7,13
m,iskander,6,7,13
m,jacier,6,7,13
m,jaheir,6,7,13
m,jahvier,6,7,13
m,jahzier,6,7,13
m,jakim,6,7,13
m,jamai,6,7,13
m,jamair,6,7,13
m,jamason,6,7,13
m,jawan,6,7,13
m,jayzon,6,7,13
m,jeiren,6,7,13
m,jerami,6,7,13
m,jerman,6,7,13
m,jiho,6,7,13
m,joden,6,7,13
m,jony,6,7,13
m,josuel,6,7,13
m,jove,6,7,13
m,jquan,6,7,13
m,juliann,6,7,13
m,khoury,6,7,13
m,knolan,6,7,13
m,kreighton,6,7,13
m,kydan,6,7,13
m,malahki,6,7,13
m,malhar,6,7,13
m,maria,6,7,13
m,marvis,6,7,13
m,marzell,6,7,13
m,mudasir,6,7,13
m,muntasir,6,7,13
m,navier,6,7,13
m,nilay,6,7,13
m,oliverio,6,7,13
m,olujimi,6,7,13
m,osirus,6,7,13
m,perez,6,7,13
m,phelix,6,7,13
m,ramaj,6,7,13
m,ramsay,6,7,13
m,raydyn,6,7,13
m,raynav,6,7,13
m,regino,6,7,13
m,reven,6,7,13
m,rhyatt,6,7,13
m,rida,6,7,13
m,rohnan,6,7,13
m,romari,6,7,13
m,ronal,6,7,13
m,ronon,6,7,13
m,samaad,6,7,13
m,silvino,6,7,13
m,sladen,6,7,13
m,tavi,6,7,13
m,temujin,6,7,13
m,tilian,6,7,13
m,tracer,6,7,13
m,trell,6,7,13
m,trevan,6,7,13
m,vasco,6,7,13
m,victoriano,6,7,13
m,wills,6,7,13
m,yaden,6,7,13
m,yosif,6,7,13
m,yossef,6,7,13
m,youcef,6,7,13
m,zaul,6,7,13
m,abdulkhaliq,5,8,13
m,adewale,5,8,13
m,adib,5,8,13
m,amirjon,5,8,13
m,andersson,5,8,13
m,aous,5,8,13
m,auren,5,8,13
m,azariyah,5,8,13
m,baxton,5,8,13
m,bhuvan,5,8,13
m,blayton,5,8,13
m,bronxton,5,8,13
m,bryceon,5,8,13
m,brynden,5,8,13
m,chigozie,5,8,13
m,chima,5,8,13
m,crist,5,8,13
m,delroy,5,8,13
m,draycen,5,8,13
m,dyce,5,8,13
m,eshawn,5,8,13
m,esias,5,8,13
m,ewen,5,8,13
m,garv,5,8,13
m,graylan,5,8,13
m,hanzalah,5,8,13
m,hardin,5,8,13
m,harshaan,5,8,13
m,harshil,5,8,13
m,harveer,5,8,13
m,hayaan,5,8,13
m,huzaifah,5,8,13
m,jacayden,5,8,13
m,jaevian,5,8,13
m,jaxxyn,5,8,13
m,johndaniel,5,8,13
m,jozeph,5,8,13
m,keenon,5,8,13
m,khiree,5,8,13
m,kiet,5,8,13
m,killion,5,8,13
m,kino,5,8,13
m,ko,5,8,13
m,kolsten,5,8,13
m,kwadwo,5,8,13
m,marken,5,8,13
m,maxwel,5,8,13
m,mayar,5,8,13
m,nakhi,5,8,13
m,nasri,5,8,13
m,neamiah,5,8,13
m,nihaan,5,8,13
m,oshae,5,8,13
m,pernell,5,8,13
m,prateek,5,8,13
m,priam,5,8,13
m,rhyis,5,8,13
m,ronith,5,8,13
m,sabien,5,8,13
m,saish,5,8,13
m,sani,5,8,13
m,sergei,5,8,13
m,shahir,5,8,13
m,shandon,5,8,13
m,skyden,5,8,13
m,sudeys,5,8,13
m,syire,5,8,13
m,temitayo,5,8,13
m,trevian,5,8,13
m,trevonte,5,8,13
m,tripton,5,8,13
m,trypp,5,8,13
m,tyse,5,8,13
m,vinton,5,8,13
m,xzaviar,5,8,13
m,xzayden,5,8,13
m,zacary,5,8,13
m,zaedin,5,8,13
m,zailen,5,8,13
f,aaravi,7,5,12
f,addielynn,7,5,12
f,adesewa,7,5,12
f,adrijana,7,5,12
f,afiya,7,5,12
f,ahnalia,7,5,12
f,ahnya,7,5,12
f,aidaly,7,5,12
f,alisse,7,5,12
f,amilee,7,5,12
f,amiliyah,7,5,12
f,anarie,7,5,12
f,anastassia,7,5,12
f,angelea,7,5,12
f,aparna,7,5,12
f,arianis,7,5,12
f,ashiyah,7,5,12
f,athenea,7,5,12
f,audelia,7,5,12
f,audryanna,7,5,12
f,aunalee,7,5,12
f,ayomiposi,7,5,12
f,azyah,7,5,12
f,belicia,7,5,12
f,bithiah,7,5,12
f,blayre,7,5,12
f,blimie,7,5,12
f,breyonna,7,5,12
f,cadyn,7,5,12
f,caleena,7,5,12
f,catherina,7,5,12
f,ceonna,7,5,12
f,chaselyn,7,5,12
f,cyara,7,5,12
f,dah,7,5,12
f,danita,7,5,12
f,danyell,7,5,12
f,deeya,7,5,12
f,delaylah,7,5,12
f,dziyah,7,5,12
f,elanni,7,5,12
f,eleri,7,5,12
f,elleah,7,5,12
f,emerlynn,7,5,12
f,emmelina,7,5,12
f,enas,7,5,12
f,enzlee,7,5,12
f,eriyonna,7,5,12
f,evyenia,7,5,12
f,excel,7,5,12
f,eyanna,7,5,12
f,ezmay,7,5,12
f,fany,7,5,12
f,genelle,7,5,12
f,gianelle,7,5,12
f,giordana,7,5,12
f,glorious,7,5,12
f,graylin,7,5,12
f,hadasha,7,5,12
f,hagan,7,5,12
f,heli,7,5,12
f,hendel,7,5,12
f,hooriya,7,5,12
f,ilyse,7,5,12
f,ipek,7,5,12
f,itali,7,5,12
f,jaeleah,7,5,12
f,jahlayah,7,5,12
f,jakyiah,7,5,12
f,jalaina,7,5,12
f,jalie,7,5,12
f,jalynne,7,5,12
f,jamoni,7,5,12
f,jamyria,7,5,12
f,janeisy,7,5,12
f,jayel,7,5,12
f,jera,7,5,12
f,johileny,7,5,12
f,jolani,7,5,12
f,jones,7,5,12
f,juhi,7,5,12
f,juliyah,7,5,12
f,kaleeya,7,5,12
f,kalisha,7,5,12
f,kameelah,7,5,12
f,kampbell,7,5,12
f,karelys,7,5,12
f,kathalia,7,5,12
f,katherinne,7,5,12
f,kawena,7,5,12
f,kaylanee,7,5,12
f,kehaulani,7,5,12
f,keimani,7,5,12
f,kendelle,7,5,12
f,keyera,7,5,12
f,khloei,7,5,12
f,kielyn,7,5,12
f,lahela,7,5,12
f,landy,7,5,12
f,lannie,7,5,12
f,laxmi,7,5,12
f,leonore,7,5,12
f,lianni,7,5,12
f,lillienne,7,5,12
f,lillyanah,7,5,12
f,linah,7,5,12
f,lindee,7,5,12
f,lizett,7,5,12
f,lizzette,7,5,12
f,maclynn,7,5,12
f,madalina,7,5,12
f,magenta,7,5,12
f,malae,7,5,12
f,mariani,7,5,12
f,mayella,7,5,12
f,maytal,7,5,12
f,mckyla,7,5,12
f,merina,7,5,12
f,miliah,7,5,12
f,mionna,7,5,12
f,mirae,7,5,12
f,mirelle,7,5,12
f,mishel,7,5,12
f,monzerrath,7,5,12
f,mykel,7,5,12
f,mystic,7,5,12
f,nakai,7,5,12
f,nasirah,7,5,12
f,nataleah,7,5,12
f,natasia,7,5,12
f,navey,7,5,12
f,neaveh,7,5,12
f,nechuma,7,5,12
f,nikkie,7,5,12
f,nikolette,7,5,12
f,nimisha,7,5,12
f,nzinga,7,5,12
f,oriya,7,5,12
f,ozioma,7,5,12
f,pariss,7,5,12
f,pennylane,7,5,12
f,preslea,7,5,12
f,rafif,7,5,12
f,ragen,7,5,12
f,raighan,7,5,12
f,raiyn,7,5,12
f,ravneet,7,5,12
f,rheanna,7,5,12
f,rumaysah,7,5,12
f,ryeleigh,7,5,12
f,saphia,7,5,12
f,saraia,7,5,12
f,saraiyah,7,5,12
f,sehej,7,5,12
f,serin,7,5,12
f,seryna,7,5,12
f,shalayah,7,5,12
f,shayana,7,5,12
f,shona,7,5,12
f,siennah,7,5,12
f,silvie,7,5,12
f,simiya,7,5,12
f,sincerity,7,5,12
f,skailar,7,5,12
f,skyann,7,5,12
f,sruthi,7,5,12
f,sulamita,7,5,12
f,sundai,7,5,12
f,suriah,7,5,12
f,syleena,7,5,12
f,talaiyah,7,5,12
f,tanyah,7,5,12
f,tatiyanna,7,5,12
f,teja,7,5,12
f,toluwanimi,7,5,12
f,tristian,7,5,12
f,vaniah,7,5,12
f,veya,7,5,12
f,wimberly,7,5,12
f,yamari,7,5,12
f,yarelly,7,5,12
f,yazmyn,7,5,12
f,yosselyn,7,5,12
f,yuka,7,5,12
f,yunuen,7,5,12
f,zyannah,7,5,12
f,aailyah,6,6,12
f,abrina,6,6,12
f,adam,6,6,12
f,addasyn,6,6,12
f,adiley,6,6,12
f,adlen,6,6,12
f,adonia,6,6,12
f,aggie,6,6,12
f,alegria,6,6,12
f,aleni,6,6,12
f,alilyana,6,6,12
f,alleigha,6,6,12
f,alyonna,6,6,12
f,ameelia,6,6,12
f,ameeyah,6,6,12
f,amilli,6,6,12
f,amitiel,6,6,12
f,anael,6,6,12
f,anaily,6,6,12
f,andressa,6,6,12
f,aneesah,6,6,12
f,anique,6,6,12
f,anisia,6,6,12
f,anmol,6,6,12
f,annarae,6,6,12
f,antara,6,6,12
f,ashmi,6,6,12
f,athenarose,6,6,12
f,autym,6,6,12
f,avalyse,6,6,12
f,ayen,6,6,12
f,aylie,6,6,12
f,aynsleigh,6,6,12
f,becka,6,6,12
f,bess,6,6,12
f,braylah,6,6,12
f,brelee,6,6,12
f,brenlie,6,6,12
f,brexlyn,6,6,12
f,brooklen,6,6,12
f,bryony,6,6,12
f,cailen,6,6,12
f,calley,6,6,12
f,carrah,6,6,12
f,casidee,6,6,12
f,charliegh,6,6,12
f,christabelle,6,6,12
f,cristian,6,6,12
f,damariz,6,6,12
f,danahi,6,6,12
f,danaria,6,6,12
f,deajah,6,6,12
f,denisa,6,6,12
f,deyjah,6,6,12
f,dilcia,6,6,12
f,drusilla,6,6,12
f,edee,6,6,12
f,elanore,6,6,12
f,ellany,6,6,12
f,emmaclaire,6,6,12
f,emonni,6,6,12
f,eponine,6,6,12
f,esmarie,6,6,12
f,eula,6,6,12
f,faylinn,6,6,12
f,felicitas,6,6,12
f,ghita,6,6,12
f,idman,6,6,12
f,indee,6,6,12
f,irelynd,6,6,12
f,ivan,6,6,12
f,izelle,6,6,12
f,jadesola,6,6,12
f,jamiee,6,6,12
f,jazzlyne,6,6,12
f,jhourni,6,6,12
f,jirah,6,6,12
f,jordon,6,6,12
f,kailiyah,6,6,12
f,kairie,6,6,12
f,kalinda,6,6,12
f,kalypso,6,6,12
f,karleen,6,6,12
f,karmann,6,6,12
f,kealia,6,6,12
f,keirstin,6,6,12
f,kember,6,6,12
f,kendria,6,6,12
f,kennedii,6,6,12
f,keriana,6,6,12
f,keyarra,6,6,12
f,keyrin,6,6,12
f,klare,6,6,12
f,klarisa,6,6,12
f,kole,6,6,12
f,kyomi,6,6,12
f,kyren,6,6,12
f,lakeisha,6,6,12
f,lashawn,6,6,12
f,laykyn,6,6,12
f,leanah,6,6,12
f,leiann,6,6,12
f,leilanii,6,6,12
f,libny,6,6,12
f,lohgan,6,6,12
f,lorrie,6,6,12
f,lylarose,6,6,12
f,lyrics,6,6,12
f,majestic,6,6,12
f,malisa,6,6,12
f,marajade,6,6,12
f,mareya,6,6,12
f,markita,6,6,12
f,mayana,6,6,12
f,mckynzi,6,6,12
f,mechelle,6,6,12
f,mikia,6,6,12
f,millani,6,6,12
f,minaal,6,6,12
f,minh,6,6,12
f,miyla,6,6,12
f,namiah,6,6,12
f,nanako,6,6,12
f,nash,6,6,12
f,nasro,6,6,12
f,natacha,6,6,12
f,naylee,6,6,12
f,niamiah,6,6,12
f,niani,6,6,12
f,noellie,6,6,12
f,ogechi,6,6,12
f,olamiposi,6,6,12
f,olesya,6,6,12
f,oonagh,6,6,12
f,ozzie,6,6,12
f,paisleyann,6,6,12
f,pallavi,6,6,12
f,paytan,6,6,12
f,pragna,6,6,12
f,prezley,6,6,12
f,prisila,6,6,12
f,quinnlynn,6,6,12
f,rael,6,6,12
f,ramatoulaye,6,6,12
f,razia,6,6,12
f,reiko,6,6,12
f,rieley,6,6,12
f,romana,6,6,12
f,ronda,6,6,12
f,sabeen,6,6,12
f,sadieann,6,6,12
f,sahej,6,6,12
f,saleha,6,6,12
f,sandrine,6,6,12
f,sanora,6,6,12
f,saraii,6,6,12
f,sarang,6,6,12
f,sean,6,6,12
f,shila,6,6,12
f,shoni,6,6,12
f,shylie,6,6,12
f,silva,6,6,12
f,skyanna,6,6,12
f,skyley,6,6,12
f,sparkle,6,6,12
f,steisy,6,6,12
f,stellar,6,6,12
f,summerlynn,6,6,12
f,suzi,6,6,12
f,svara,6,6,12
f,sylar,6,6,12
f,tahj,6,6,12
f,tamanna,6,6,12
f,tamina,6,6,12
f,taralyn,6,6,12
f,tatelyn,6,6,12
f,tayva,6,6,12
f,tejasvi,6,6,12
f,terrionna,6,6,12
f,thanya,6,6,12
f,tonantzin,6,6,12
f,tristine,6,6,12
f,umme,6,6,12
f,victoriana,6,6,12
f,wiktoria,6,6,12
f,winterrose,6,6,12
f,witten,6,6,12
f,xanthe,6,6,12
f,yumiko,6,6,12
f,zareena,6,6,12
f,zaryia,6,6,12
f,zaveah,6,6,12
f,zaydah,6,6,12
f,zephyra,6,6,12
f,zoel,6,6,12
f,zsofia,6,6,12
f,zyionna,6,6,12
f,zyleigh,6,6,12
f,aaruhi,5,7,12
f,aaryahi,5,7,12
f,ahnesti,5,7,12
f,aisosa,5,7,12
f,akeria,5,7,12
f,alashia,5,7,12
f,aleezah,5,7,12
f,alithia,5,7,12
f,alizea,5,7,12
f,aloria,5,7,12
f,amadea,5,7,12
f,amit,5,7,12
f,anberlyn,5,7,12
f,annely,5,7,12
f,annikah,5,7,12
f,araeya,5,7,12
f,arena,5,7,12
f,areyah,5,7,12
f,arhianna,5,7,12
f,arlana,5,7,12
f,audrena,5,7,12
f,avaeh,5,7,12
f,avalin,5,7,12
f,avreet,5,7,12
f,bailea,5,7,12
f,belize,5,7,12
f,beverley,5,7,12
f,bexli,5,7,12
f,breck,5,7,12
f,brendalynn,5,7,12
f,brenlyn,5,7,12
f,brianni,5,7,12
f,calah,5,7,12
f,castiel,5,7,12
f,cecilya,5,7,12
f,clarita,5,7,12
f,cove,5,7,12
f,daena,5,7,12
f,daleigh,5,7,12
f,daleth,5,7,12
f,dalyn,5,7,12
f,danniella,5,7,12
f,dazaria,5,7,12
f,deaja,5,7,12
f,deegan,5,7,12
f,delailah,5,7,12
f,delphina,5,7,12
f,demani,5,7,12
f,derriana,5,7,12
f,devoiry,5,7,12
f,devonna,5,7,12
f,diandra,5,7,12
f,digna,5,7,12
f,eliska,5,7,12
f,erilyn,5,7,12
f,evaleena,5,7,12
f,everlei,5,7,12
f,exodus,5,7,12
f,fate,5,7,12
f,fynley,5,7,12
f,gwenevieve,5,7,12
f,heartly,5,7,12
f,iliani,5,7,12
f,iolani,5,7,12
f,ireri,5,7,12
f,itzuri,5,7,12
f,jamella,5,7,12
f,janari,5,7,12
f,javia,5,7,12
f,jayd,5,7,12
f,jaylianis,5,7,12
f,jazae,5,7,12
f,jazzy,5,7,12
f,jenalise,5,7,12
f,jerriah,5,7,12
f,jersei,5,7,12
f,jonier,5,7,12
f,jullian,5,7,12
f,kamariya,5,7,12
f,keylen,5,7,12
f,kirklyn,5,7,12
f,klaryssa,5,7,12
f,krissia,5,7,12
f,laionna,5,7,12
f,laiylah,5,7,12
f,lakenzie,5,7,12
f,lateen,5,7,12
f,laurelin,5,7,12
f,layia,5,7,12
f,laziyah,5,7,12
f,louann,5,7,12
f,louie,5,7,12
f,lucianne,5,7,12
f,luciella,5,7,12
f,lyanne,5,7,12
f,lyleigh,5,7,12
f,maaya,5,7,12
f,mairi,5,7,12
f,makynley,5,7,12
f,marai,5,7,12
f,marisabel,5,7,12
f,marlayah,5,7,12
f,marleyna,5,7,12
f,marry,5,7,12
f,masiya,5,7,12
f,maty,5,7,12
f,mayce,5,7,12
f,maydelin,5,7,12
f,mckinzley,5,7,12
f,mercie,5,7,12
f,mikayah,5,7,12
f,milliani,5,7,12
f,moyinoluwa,5,7,12
f,myers,5,7,12
f,mykenna,5,7,12
f,naeva,5,7,12
f,naija,5,7,12
f,nare,5,7,12
f,neleh,5,7,12
f,nevena,5,7,12
f,niyonna,5,7,12
f,novaly,5,7,12
f,nyarie,5,7,12
f,nyrah,5,7,12
f,oakland,5,7,12
f,onesti,5,7,12
f,onyinyechukwu,5,7,12
f,panagiota,5,7,12
f,peony,5,7,12
f,pippin,5,7,12
f,portland,5,7,12
f,raaya,5,7,12
f,rayli,5,7,12
f,rehema,5,7,12
f,remii,5,7,12
f,remilynn,5,7,12
f,reminisce,5,7,12
f,rinka,5,7,12
f,roha,5,7,12
f,roiza,5,7,12
f,rosaisela,5,7,12
f,salsabeel,5,7,12
f,samani,5,7,12
f,sandi,5,7,12
f,saundra,5,7,12
f,seham,5,7,12
f,shaanvi,5,7,12
f,shama,5,7,12
f,siriyah,5,7,12
f,tamila,5,7,12
f,tanasia,5,7,12
f,tanylah,5,7,12
f,tayelor,5,7,12
f,thailyn,5,7,12
f,tirza,5,7,12
f,treva,5,7,12
f,trianna,5,7,12
f,tyriana,5,7,12
f,vannesa,5,7,12
f,wryn,5,7,12
f,xavier,5,7,12
f,yali,5,7,12
f,yariah,5,7,12
f,yurianna,5,7,12
f,zabdi,5,7,12
f,zavia,5,7,12
f,zayn,5,7,12
f,zayne,5,7,12
f,zephora,5,7,12
m,abdelaziz,7,5,12
m,abu,7,5,12
m,adeoluwa,7,5,12
m,adhrith,7,5,12
m,amarious,7,5,12
m,amichai,7,5,12
m,ardian,7,5,12
m,ardit,7,5,12
m,ariana,7,5,12
m,audiel,7,5,12
m,bliss,7,5,12
m,brandtly,7,5,12
m,brasi,7,5,12
m,breighton,7,5,12
m,brekyn,7,5,12
m,brevan,7,5,12
m,caelin,7,5,12
m,carbon,7,5,12
m,chisom,7,5,12
m,christapher,7,5,12
m,davone,7,5,12
m,demarri,7,5,12
m,demerius,7,5,12
m,denard,7,5,12
m,deniel,7,5,12
m,dextin,7,5,12
m,donal,7,5,12
m,dreshon,7,5,12
m,eberardo,7,5,12
m,eljay,7,5,12
m,emanual,7,5,12
m,emigdio,7,5,12
m,ethanael,7,5,12
m,eva,7,5,12
m,gianlucas,7,5,12
m,giavonni,7,5,12
m,hadden,7,5,12
m,halil,7,5,12
m,hanna,7,5,12
m,harden,7,5,12
m,hariharan,7,5,12
m,hartford,7,5,12
m,hayston,7,5,12
m,hikaru,7,5,12
m,huntlee,7,5,12
m,izzak,7,5,12
m,jakel,7,5,12
m,jame,7,5,12
m,jaquavious,7,5,12
m,jaxel,7,5,12
m,jaylenn,7,5,12
m,jaymen,7,5,12
m,jedadiah,7,5,12
m,jhamari,7,5,12
m,jhayce,7,5,12
m,joaopedro,7,5,12
m,jonluke,7,5,12
m,kaci,7,5,12
m,kaiston,7,5,12
m,kaiyu,7,5,12
m,kamsi,7,5,12
m,kapono,7,5,12
m,karrington,7,5,12
m,keedan,7,5,12
m,keizer,7,5,12
m,kentaro,7,5,12
m,keyshaun,7,5,12
m,khamron,7,5,12
m,khareem,7,5,12
m,knightly,7,5,12
m,koben,7,5,12
m,krimson,7,5,12
m,kriyansh,7,5,12
m,krrish,7,5,12
m,lakshya,7,5,12
m,leiby,7,5,12
m,leigh,7,5,12
m,light,7,5,12
m,macgregor,7,5,12
m,malin,7,5,12
m,markee,7,5,12
m,milas,7,5,12
m,milez,7,5,12
m,morireoluwa,7,5,12
m,murari,7,5,12
m,mustafe,7,5,12
m,nakoda,7,5,12
m,nitin,7,5,12
m,nolberto,7,5,12
m,olli,7,5,12
m,onesimo,7,5,12
m,orie,7,5,12
m,oshen,7,5,12
m,paiton,7,5,12
m,pavlos,7,5,12
m,rennick,7,5,12
m,rett,7,5,12
m,ridhwan,7,5,12
m,rodderick,7,5,12
m,saman,7,5,12
m,samantha,7,5,12
m,savant,7,5,12
m,sebastiaan,7,5,12
m,shaddai,7,5,12
m,solo,7,5,12
m,stevon,7,5,12
m,suhaas,7,5,12
m,taiwo,7,5,12
m,taraj,7,5,12
m,taro,7,5,12
m,taye,7,5,12
m,tejay,7,5,12
m,teron,7,5,12
m,tyland,7,5,12
m,valon,7,5,12
m,varad,7,5,12
m,virgilio,7,5,12
m,wilian,7,5,12
m,xain,7,5,12
m,yancey,7,5,12
m,ye,7,5,12
m,yedidya,7,5,12
m,yeltsin,7,5,12
m,zalan,7,5,12
m,ziya,7,5,12
m,aavin,6,6,12
m,abass,6,6,12
m,abdihakim,6,6,12
m,abdulloh,6,6,12
m,abdulqadir,6,6,12
m,abelino,6,6,12
m,abhijot,6,6,12
m,adis,6,6,12
m,adnaan,6,6,12
m,aesop,6,6,12
m,agamveer,6,6,12
m,aireon,6,6,12
m,alif,6,6,12
m,alyxander,6,6,12
m,amyas,6,6,12
m,anar,6,6,12
m,anker,6,6,12
m,annas,6,6,12
m,antares,6,6,12
m,aristeo,6,6,12
m,ashvath,6,6,12
m,ayinde,6,6,12
m,azarel,6,6,12
m,baldwin,6,6,12
m,baris,6,6,12
m,bartolo,6,6,12
m,behrett,6,6,12
m,blaike,6,6,12
m,blythe,6,6,12
m,bocephus,6,6,12
m,bodyn,6,6,12
m,brenham,6,6,12
m,brij,6,6,12
m,charming,6,6,12
m,cliffton,6,6,12
m,creedyn,6,6,12
m,daiki,6,6,12
m,danzig,6,6,12
m,davie,6,6,12
m,dawan,6,6,12
m,dayro,6,6,12
m,demarie,6,6,12
m,devron,6,6,12
m,dewon,6,6,12
m,dolton,6,6,12
m,donathan,6,6,12
m,draylon,6,6,12
m,dreshaun,6,6,12
m,elisio,6,6,12
m,elius,6,6,12
m,elizar,6,6,12
m,ellie,6,6,12
m,ernst,6,6,12
m,essex,6,6,12
m,faruq,6,6,12
m,faustin,6,6,12
m,furqan,6,6,12
m,gilmer,6,6,12
m,greggory,6,6,12
m,greyston,6,6,12
m,hamsa,6,6,12
m,hamzeh,6,6,12
m,harding,6,6,12
m,hayyan,6,6,12
m,iason,6,6,12
m,ibrohim,6,6,12
m,ioan,6,6,12
m,ishak,6,6,12
m,jaecob,6,6,12
m,jahmeer,6,6,12
m,jahmil,6,6,12
m,jaser,6,6,12
m,javery,6,6,12
m,jenkins,6,6,12
m,jenziel,6,6,12
m,jephthah,6,6,12
m,jereme,6,6,12
m,jerett,6,6,12
m,jermir,6,6,12
m,jeryl,6,6,12
m,johnrobert,6,6,12
m,johnryan,6,6,12
m,joncarlo,6,6,12
m,josedavid,6,6,12
m,josiya,6,6,12
m,juden,6,6,12
m,kaii,6,6,12
m,kaipo,6,6,12
m,kaique,6,6,12
m,kamarian,6,6,12
m,kamarrion,6,6,12
m,kambryn,6,6,12
m,kaveh,6,6,12
m,kavonte,6,6,12
m,kayse,6,6,12
m,keland,6,6,12
m,kemonte,6,6,12
m,kentyn,6,6,12
m,kester,6,6,12
m,kevaughn,6,6,12
m,khary,6,6,12
m,khush,6,6,12
m,kiam,6,6,12
m,kilan,6,6,12
m,lathyn,6,6,12
m,leandrew,6,6,12
m,lexander,6,6,12
m,linton,6,6,12
m,mak,6,6,12
m,marsel,6,6,12
m,maxamilian,6,6,12
m,mclean,6,6,12
m,moayad,6,6,12
m,mohamadali,6,6,12
m,muneeb,6,6,12
m,nasr,6,6,12
m,nekhi,6,6,12
m,nikit,6,6,12
m,nussen,6,6,12
m,nyan,6,6,12
m,olanrewaju,6,6,12
m,omeir,6,6,12
m,parx,6,6,12
m,prathik,6,6,12
m,racer,6,6,12
m,rafeal,6,6,12
m,ramiel,6,6,12
m,raylee,6,6,12
m,richter,6,6,12
m,riggen,6,6,12
m,ronney,6,6,12
m,rykan,6,6,12
m,salar,6,6,12
m,savoy,6,6,12
m,schyler,6,6,12
m,shailen,6,6,12
m,shriyansh,6,6,12
m,sigurd,6,6,12
m,stran,6,6,12
m,sunil,6,6,12
m,taariq,6,6,12
m,tallyn,6,6,12
m,tamem,6,6,12
m,tannen,6,6,12
m,tannon,6,6,12
m,tashi,6,6,12
m,terion,6,6,12
m,thian,6,6,12
m,trai,6,6,12
m,trebor,6,6,12
m,tyking,6,6,12
m,vedaant,6,6,12
m,wardell,6,6,12
m,xzaiden,6,6,12
m,yashas,6,6,12
m,zi,6,6,12
m,aagam,5,7,12
m,acelin,5,7,12
m,acesyn,5,7,12
m,adhiraj,5,7,12
m,aksil,5,7,12
m,alioune,5,7,12
m,amaro,5,7,12
m,antonin,5,7,12
m,arne,5,7,12
m,arrion,5,7,12
m,astor,5,7,12
m,aukai,5,7,12
m,avier,5,7,12
m,avyon,5,7,12
m,azar,5,7,12
m,basir,5,7,12
m,brydan,5,7,12
m,brynn,5,7,12
m,brysun,5,7,12
m,brysyn,5,7,12
m,cavalli,5,7,12
m,chiedozie,5,7,12
m,corvus,5,7,12
m,dalessandro,5,7,12
m,damoney,5,7,12
m,danish,5,7,12
m,dartanian,5,7,12
m,dayven,5,7,12
m,dejohn,5,7,12
m,deryck,5,7,12
m,dhanush,5,7,12
m,dimitris,5,7,12
m,eaton,5,7,12
m,elisey,5,7,12
m,elli,5,7,12
m,enki,5,7,12
m,esben,5,7,12
m,esteven,5,7,12
m,eziel,5,7,12
m,faaiz,5,7,12
m,filipe,5,7,12
m,frederico,5,7,12
m,haigen,5,7,12
m,haizen,5,7,12
m,hamse,5,7,12
m,haoxuan,5,7,12
m,harvest,5,7,12
m,hemingway,5,7,12
m,hope,5,7,12
m,isam,5,7,12
m,izziah,5,7,12
m,jackman,5,7,12
m,jahshua,5,7,12
m,jahzion,5,7,12
m,jakorey,5,7,12
m,jaksen,5,7,12
m,jassir,5,7,12
m,jaycieon,5,7,12
m,jaylee,5,7,12
m,jayleon,5,7,12
m,jhael,5,7,12
m,jheremy,5,7,12
m,jhoel,5,7,12
m,jiles,5,7,12
m,jshaun,5,7,12
m,kacin,5,7,12
m,kaicyn,5,7,12
m,kamarius,5,7,12
m,kayman,5,7,12
m,kel,5,7,12
m,keyner,5,7,12
m,khade,5,7,12
m,khasir,5,7,12
m,kingcharles,5,7,12
m,kingisaiah,5,7,12
m,klinton,5,7,12
m,kobee,5,7,12
m,kyven,5,7,12
m,lamon,5,7,12
m,lamond,5,7,12
m,laroy,5,7,12
m,laydon,5,7,12
m,lennex,5,7,12
m,liamjames,5,7,12
m,lionardo,5,7,12
m,lochlin,5,7,12
m,locklin,5,7,12
m,maasai,5,7,12
m,magdaleno,5,7,12
m,mahith,5,7,12
m,manit,5,7,12
m,marcas,5,7,12
m,marrion,5,7,12
m,marshun,5,7,12
m,martyn,5,7,12
m,matas,5,7,12
m,melvyn,5,7,12
m,mihailo,5,7,12
m,namari,5,7,12
m,nathnael,5,7,12
m,ness,5,7,12
m,nix,5,7,12
m,nouman,5,7,12
m,odie,5,7,12
m,portland,5,7,12
m,premier,5,7,12
m,princedavid,5,7,12
m,qays,5,7,12
m,ramelo,5,7,12
m,ramier,5,7,12
m,reon,5,7,12
m,safir,5,7,12
m,sahel,5,7,12
m,samrat,5,7,12
m,sari,5,7,12
m,savien,5,7,12
m,seager,5,7,12
m,shabazz,5,7,12
m,shakai,5,7,12
m,shameer,5,7,12
m,shihab,5,7,12
m,success,5,7,12
m,taiven,5,7,12
m,tavius,5,7,12
m,termaine,5,7,12
m,tolliver,5,7,12
m,tonio,5,7,12
m,topher,5,7,12
m,traeson,5,7,12
m,triumph,5,7,12
m,tyray,5,7,12
m,tyreon,5,7,12
m,vahe,5,7,12
m,vidur,5,7,12
m,willam,5,7,12
m,win,5,7,12
m,xaire,5,7,12
m,xandyr,5,7,12
m,yassen,5,7,12
m,yiming,5,7,12
m,younus,5,7,12
m,zaccheus,5,7,12
m,zacharyah,5,7,12
m,zahi,5,7,12
m,zerek,5,7,12
f,aaliana,6,5,11
f,abela,6,5,11
f,abiola,6,5,11
f,adaleia,6,5,11
f,adelayda,6,5,11
f,adut,6,5,11
f,aldina,6,5,11
f,aleighya,6,5,11
f,alexius,6,5,11
f,aliss,6,5,11
f,aliyaah,6,5,11
f,alle,6,5,11
f,allinson,6,5,11
f,amabelle,6,5,11
f,amairah,6,5,11
f,amarielle,6,5,11
f,amea,6,5,11
f,anaiis,6,5,11
f,annalya,6,5,11
f,annalysia,6,5,11
f,annapurna,6,5,11
f,anndrea,6,5,11
f,anoop,6,5,11
f,anthonia,6,5,11
f,arai,6,5,11
f,ardis,6,5,11
f,ariba,6,5,11
f,arieal,6,5,11
f,ashya,6,5,11
f,audreanna,6,5,11
f,aveen,6,5,11
f,averylynn,6,5,11
f,aviree,6,5,11
f,ayak,6,5,11
f,azaelia,6,5,11
f,bahja,6,5,11
f,bintu,6,5,11
f,bleu,6,5,11
f,bralee,6,5,11
f,brezlyn,6,5,11
f,brinslee,6,5,11
f,briyith,6,5,11
f,burklee,6,5,11
f,camyra,6,5,11
f,candyce,6,5,11
f,caragh,6,5,11
f,carmilla,6,5,11
f,cathaleya,6,5,11
f,channelle,6,5,11
f,cherith,6,5,11
f,cicilia,6,5,11
f,cipriana,6,5,11
f,cloris,6,5,11
f,corrinne,6,5,11
f,daionna,6,5,11
f,danique,6,5,11
f,dasiya,6,5,11
f,dax,6,5,11
f,daysie,6,5,11
f,dazie,6,5,11
f,deeanna,6,5,11
f,deidre,6,5,11
f,dorthy,6,5,11
f,dreanna,6,5,11
f,dyna,6,5,11
f,eastynn,6,5,11
f,edessa,6,5,11
f,elcie,6,5,11
f,elidia,6,5,11
f,ellyanah,6,5,11
f,ellys,6,5,11
f,emanuelle,6,5,11
f,emera,6,5,11
f,emerii,6,5,11
f,evann,6,5,11
f,evienne,6,5,11
f,fardosa,6,5,11
f,faria,6,5,11
f,fedora,6,5,11
f,fiorela,6,5,11
f,gaige,6,5,11
f,galadriel,6,5,11
f,gavrielle,6,5,11
f,geri,6,5,11
f,giah,6,5,11
f,haadiya,6,5,11
f,hannalee,6,5,11
f,harseerat,6,5,11
f,harvi,6,5,11
f,hayvin,6,5,11
f,indiyah,6,5,11
f,jacobi,6,5,11
f,jaely,6,5,11
f,jaylissa,6,5,11
f,jazira,6,5,11
f,jazzmyne,6,5,11
f,jeleah,6,5,11
f,jemina,6,5,11
f,jeslin,6,5,11
f,jessabella,6,5,11
f,jeyda,6,5,11
f,jezel,6,5,11
f,joliet,6,5,11
f,jozy,6,5,11
f,kadia,6,5,11
f,kahlee,6,5,11
f,kaielle,6,5,11
f,kalicia,6,5,11
f,kamerin,6,5,11
f,kamsiyochi,6,5,11
f,kanijah,6,5,11
f,karee,6,5,11
f,karianne,6,5,11
f,kaselynn,6,5,11
f,kasen,6,5,11
f,kaylonie,6,5,11
f,kayzlie,6,5,11
f,keilynn,6,5,11
f,kelena,6,5,11
f,keria,6,5,11
f,khaira,6,5,11
f,khalil,6,5,11
f,khalynn,6,5,11
f,khianna,6,5,11
f,kindal,6,5,11
f,knyla,6,5,11
f,krisley,6,5,11
f,kristabella,6,5,11
f,krupa,6,5,11
f,krystle,6,5,11
f,kylina,6,5,11
f,kymari,6,5,11
f,kyriel,6,5,11
f,larsyn,6,5,11
f,lauran,6,5,11
f,layden,6,5,11
f,layiah,6,5,11
f,lima,6,5,11
f,lujane,6,5,11
f,lunarae,6,5,11
f,luvina,6,5,11
f,lynora,6,5,11
f,macelynn,6,5,11
f,macilynn,6,5,11
f,makhyla,6,5,11
f,marae,6,5,11
f,marine,6,5,11
f,marleyann,6,5,11
f,marlii,6,5,11
f,meital,6,5,11
f,meiya,6,5,11
f,melita,6,5,11
f,meriwether,6,5,11
f,miyani,6,5,11
f,motunrayo,6,5,11
f,munisa,6,5,11
f,myca,6,5,11
f,mythili,6,5,11
f,nahlani,6,5,11
f,namia,6,5,11
f,naylanie,6,5,11
f,nayyirah,6,5,11
f,nerriah,6,5,11
f,nikka,6,5,11
f,noria,6,5,11
f,noriana,6,5,11
f,owyn,6,5,11
f,pace,6,5,11
f,paelynn,6,5,11
f,patti,6,5,11
f,payeton,6,5,11
f,petal,6,5,11
f,pristine,6,5,11
f,pritika,6,5,11
f,quianna,6,5,11
f,quincie,6,5,11
f,quinne,6,5,11
f,raeden,6,5,11
f,rashi,6,5,11
f,ravynn,6,5,11
f,raylah,6,5,11
f,riata,6,5,11
f,robiya,6,5,11
f,sabela,6,5,11
f,saelor,6,5,11
f,saidah,6,5,11
f,scarlotte,6,5,11
f,selen,6,5,11
f,semaya,6,5,11
f,shahzoda,6,5,11
f,shanyah,6,5,11
f,shayda,6,5,11
f,shrita,6,5,11
f,shritha,6,5,11
f,skyye,6,5,11
f,sristi,6,5,11
f,sya,6,5,11
f,symphani,6,5,11
f,talayla,6,5,11
f,temitope,6,5,11
f,teuila,6,5,11
f,tylayah,6,5,11
f,tylin,6,5,11
f,yahvi,6,5,11
f,yassmine,6,5,11
f,yeilani,6,5,11
f,yeiri,6,5,11
f,yina,6,5,11
f,yovana,6,5,11
f,zakyrah,6,5,11
f,zamani,6,5,11
f,zeah,6,5,11
f,zhoie,6,5,11
f,zixuan,6,5,11
f,zlaty,6,5,11
f,zymiah,6,5,11
f,aania,5,6,11
f,acey,5,6,11
f,adelis,5,6,11
f,adiel,5,6,11
f,adilena,5,6,11
f,adylen,5,6,11
f,aksa,5,6,11
f,akyah,5,6,11
f,alaria,5,6,11
f,aldana,5,6,11
f,aletha,5,6,11
f,alexandrya,5,6,11
f,allyce,5,6,11
f,alyshia,5,6,11
f,amali,5,6,11
f,ammie,5,6,11
f,amoriana,5,6,11
f,amyna,5,6,11
f,analuisa,5,6,11
f,annayah,5,6,11
f,anwyn,5,6,11
f,apsara,5,6,11
f,aram,5,6,11
f,arieah,5,6,11
f,ariyelle,5,6,11
f,arriella,5,6,11
f,aseret,5,6,11
f,aset,5,6,11
f,asfiya,5,6,11
f,atalee,5,6,11
f,attica,5,6,11
f,aubryella,5,6,11
f,aundreya,5,6,11
f,avlyn,5,6,11
f,azella,5,6,11
f,bellaann,5,6,11
f,beni,5,6,11
f,blimi,5,6,11
f,breeley,5,6,11
f,brennyn,5,6,11
f,brylen,5,6,11
f,caedence,5,6,11
f,calirae,5,6,11
f,calvary,5,6,11
f,carin,5,6,11
f,chaarvi,5,6,11
f,corynne,5,6,11
f,courtland,5,6,11
f,cylah,5,6,11
f,cynai,5,6,11
f,daania,5,6,11
f,dane,5,6,11
f,daneen,5,6,11
f,daryna,5,6,11
f,deandria,5,6,11
f,deilani,5,6,11
f,delayah,5,6,11
f,deriana,5,6,11
f,dericka,5,6,11
f,devlynn,5,6,11
f,devory,5,6,11
f,eduarda,5,6,11
f,eimaan,5,6,11
f,eliahna,5,6,11
f,elianni,5,6,11
f,elliyanna,5,6,11
f,elna,5,6,11
f,emanie,5,6,11
f,emanuel,5,6,11
f,emerleigh,5,6,11
f,emilene,5,6,11
f,emilygrace,5,6,11
f,emmeryn,5,6,11
f,emmilou,5,6,11
f,enessa,5,6,11
f,erilynn,5,6,11
f,eveah,5,6,11
f,evvy,5,6,11
f,evynne,5,6,11
f,ezinne,5,6,11
f,farris,5,6,11
f,firdaws,5,6,11
f,forest,5,6,11
f,franziska,5,6,11
f,gamila,5,6,11
f,gianah,5,6,11
f,giyanna,5,6,11
f,graycelyn,5,6,11
f,gricelda,5,6,11
f,gunnar,5,6,11
f,gwenna,5,6,11
f,harlequin,5,6,11
f,harlequinn,5,6,11
f,harumi,5,6,11
f,heavenli,5,6,11
f,helia,5,6,11
f,ileigh,5,6,11
f,independence,5,6,11
f,intisar,5,6,11
f,italee,5,6,11
f,itzy,5,6,11
f,izara,5,6,11
f,izna,5,6,11
f,izora,5,6,11
f,jaasia,5,6,11
f,jakara,5,6,11
f,jalasia,5,6,11
f,janais,5,6,11
f,javae,5,6,11
f,jaydy,5,6,11
f,jennabelle,5,6,11
f,jeyla,5,6,11
f,jeylah,5,6,11
f,jilliann,5,6,11
f,jionna,5,6,11
f,jiwoo,5,6,11
f,joselle,5,6,11
f,juliyana,5,6,11
f,justin,5,6,11
f,juwairiyah,5,6,11
f,jwan,5,6,11
f,kahliya,5,6,11
f,kairo,5,6,11
f,kaisey,5,6,11
f,kalirose,5,6,11
f,kandy,5,6,11
f,kanya,5,6,11
f,karenna,5,6,11
f,karielys,5,6,11
f,karimah,5,6,11
f,kasima,5,6,11
f,kasiya,5,6,11
f,kaylenn,5,6,11
f,kayliani,5,6,11
f,kekeli,5,6,11
f,kemaria,5,6,11
f,keniah,5,6,11
f,keyoni,5,6,11
f,khodi,5,6,11
f,khylin,5,6,11
f,kila,5,6,11
f,kimberleigh,5,6,11
f,kioni,5,6,11
f,kohen,5,6,11
f,kolbee,5,6,11
f,korbin,5,6,11
f,korianna,5,6,11
f,ky,5,6,11
f,lailana,5,6,11
f,lakia,5,6,11
f,lakshana,5,6,11
f,lan,5,6,11
f,lanette,5,6,11
f,laylana,5,6,11
f,leianah,5,6,11
f,lesleigh,5,6,11
f,liahona,5,6,11
f,liliauna,5,6,11
f,loida,5,6,11
f,lojain,5,6,11
f,lorinda,5,6,11
f,lyricc,5,6,11
f,madelena,5,6,11
f,mahkayla,5,6,11
f,mahli,5,6,11
f,malaijah,5,6,11
f,maleea,5,6,11
f,mariadejesus,5,6,11
f,marialena,5,6,11
f,mariea,5,6,11
f,marliee,5,6,11
f,maryjean,5,6,11
f,maybrie,5,6,11
f,meka,5,6,11
f,meliza,5,6,11
f,mercury,5,6,11
f,mikalyn,5,6,11
f,milanee,5,6,11
f,miliany,5,6,11
f,mithila,5,6,11
f,moncerrat,5,6,11
f,nakari,5,6,11
f,natalea,5,6,11
f,nazari,5,6,11
f,neeya,5,6,11
f,nekoda,5,6,11
f,nevina,5,6,11
f,nike,5,6,11
f,nikkole,5,6,11
f,nusaibah,5,6,11
f,nyonna,5,6,11
f,nyota,5,6,11
f,oaklea,5,6,11
f,okalani,5,6,11
f,pasleigh,5,6,11
f,phenyx,5,6,11
f,priyah,5,6,11
f,raeonna,5,6,11
f,rahil,5,6,11
f,rhaegan,5,6,11
f,roselena,5,6,11
f,rosha,5,6,11
f,ruhee,5,6,11
f,ryin,5,6,11
f,sabrie,5,6,11
f,saxon,5,6,11
f,seleah,5,6,11
f,sevannah,5,6,11
f,shaelan,5,6,11
f,sherley,5,6,11
f,similoluwa,5,6,11
f,skyland,5,6,11
f,sofiagrace,5,6,11
f,sojourner,5,6,11
f,sonakshi,5,6,11
f,sukayna,5,6,11
f,sukhman,5,6,11
f,taige,5,6,11
f,tayte,5,6,11
f,torrin,5,6,11
f,veralynn,5,6,11
f,vicktoria,5,6,11
f,victoriah,5,6,11
f,vionna,5,6,11
f,xaylee,5,6,11
f,yahli,5,6,11
f,yalissa,5,6,11
f,yan,5,6,11
f,yanel,5,6,11
f,yatzari,5,6,11
f,yvana,5,6,11
f,zacari,5,6,11
f,zakariya,5,6,11
f,zakyia,5,6,11
f,zitong,5,6,11
f,zorina,5,6,11
m,aadithya,6,5,11
m,abinav,6,5,11
m,adhav,6,5,11
m,adhyan,6,5,11
m,adoniah,6,5,11
m,aedin,6,5,11
m,amillion,6,5,11
m,amontae,6,5,11
m,anna,6,5,11
m,anshuman,6,5,11
m,ariez,6,5,11
m,armondo,6,5,11
m,attilio,6,5,11
m,azariel,6,5,11
m,bart,6,5,11
m,bezaleel,6,5,11
m,bowan,6,5,11
m,brace,6,5,11
m,brand,6,5,11
m,brodix,6,5,11
m,brok,6,5,11
m,calil,6,5,11
m,calyx,6,5,11
m,cedrik,6,5,11
m,celio,6,5,11
m,chaplin,6,5,11
m,chauncy,6,5,11
m,christopherjame,6,5,11
m,coden,6,5,11
m,corson,6,5,11
m,cylar,6,5,11
m,daeveon,6,5,11
m,dajohn,6,5,11
m,danylo,6,5,11
m,dearius,6,5,11
m,deaton,6,5,11
m,dee,6,5,11
m,delance,6,5,11
m,delmer,6,5,11
m,delwin,6,5,11
m,demondre,6,5,11
m,deontray,6,5,11
m,derrin,6,5,11
m,dominyck,6,5,11
m,dreydon,6,5,11
m,eddiel,6,5,11
m,edisson,6,5,11
m,einar,6,5,11
m,eker,6,5,11
m,eldric,6,5,11
m,eliceo,6,5,11
m,elishua,6,5,11
m,elnatan,6,5,11
m,emanuele,6,5,11
m,emileo,6,5,11
m,eshwar,6,5,11
m,eyuel,6,5,11
m,fatih,6,5,11
m,frances,6,5,11
m,franck,6,5,11
m,goliath,6,5,11
m,haylen,6,5,11
m,ikram,6,5,11
m,iniko,6,5,11
m,itsuki,6,5,11
m,jafari,6,5,11
m,jahrell,6,5,11
m,jahson,6,5,11
m,jamael,6,5,11
m,jameil,6,5,11
m,janari,6,5,11
m,jaramiah,6,5,11
m,jarvin,6,5,11
m,jasaun,6,5,11
m,jemarion,6,5,11
m,jermichael,6,5,11
m,jerran,6,5,11
m,jerusalem,6,5,11
m,jhair,6,5,11
m,jiair,6,5,11
m,jiayi,6,5,11
m,jmir,6,5,11
m,jobany,6,5,11
m,johari,6,5,11
m,josie,6,5,11
m,jovann,6,5,11
m,kaidenn,6,5,11
m,kanta,6,5,11
m,kawliga,6,5,11
m,kaydn,6,5,11
m,keiland,6,5,11
m,kendyl,6,5,11
m,kenlee,6,5,11
m,kerrion,6,5,11
m,keymarion,6,5,11
m,keyron,6,5,11
m,khaleed,6,5,11
m,khilan,6,5,11
m,khyre,6,5,11
m,kingmessiah,6,5,11
m,kristijan,6,5,11
m,laden,6,5,11
m,lamel,6,5,11
m,lin,6,5,11
m,loyd,6,5,11
m,lycan,6,5,11
m,lynkoln,6,5,11
m,malahkai,6,5,11
m,manish,6,5,11
m,mannie,6,5,11
m,marvyn,6,5,11
m,matviy,6,5,11
m,maycon,6,5,11
m,mcguire,6,5,11
m,mordekai,6,5,11
m,mowgli,6,5,11
m,nagi,6,5,11
m,nayson,6,5,11
m,nazariy,6,5,11
m,neriah,6,5,11
m,nishaan,6,5,11
m,nixson,6,5,11
m,orry,6,5,11
m,panth,6,5,11
m,power,6,5,11
m,prabhav,6,5,11
m,radeen,6,5,11
m,raife,6,5,11
m,raycen,6,5,11
m,reyniel,6,5,11
m,rhody,6,5,11
m,riansh,6,5,11
m,roko,6,5,11
m,roston,6,5,11
m,rylei,6,5,11
m,savvas,6,5,11
m,say,6,5,11
m,selman,6,5,11
m,seydina,6,5,11
m,shafin,6,5,11
m,slevin,6,5,11
m,stalin,6,5,11
m,syhir,6,5,11
m,taiten,6,5,11
m,tanishq,6,5,11
m,temidayo,6,5,11
m,terrez,6,5,11
m,teyon,6,5,11
m,toluwani,6,5,11
m,tomasi,6,5,11
m,tremell,6,5,11
m,trexton,6,5,11
m,trice,6,5,11
m,tyjon,6,5,11
m,udochukwu,6,5,11
m,vasily,6,5,11
m,vicenzo,6,5,11
m,vihas,6,5,11
m,vishaan,6,5,11
m,vladyslav,6,5,11
m,waverly,6,5,11
m,whelan,6,5,11
m,wilberth,6,5,11
m,woodley,6,5,11
m,xamir,6,5,11
m,xavius,6,5,11
m,xyon,6,5,11
m,yekusiel,6,5,11
m,yordany,6,5,11
m,yosuf,6,5,11
m,zaiah,6,5,11
m,ziyang,6,5,11
m,zurich,6,5,11
m,aadhavan,5,6,11
m,abas,5,6,11
m,agostino,5,6,11
m,ahmire,5,6,11
m,ahzab,5,6,11
m,akhilleus,5,6,11
m,akshith,5,6,11
m,albino,5,6,11
m,aldan,5,6,11
m,aleph,5,6,11
m,alic,5,6,11
m,alireza,5,6,11
m,altin,5,6,11
m,alvah,5,6,11
m,antrell,5,6,11
m,arlon,5,6,11
m,arthas,5,6,11
m,aryaman,5,6,11
m,auburn,5,6,11
m,avneesh,5,6,11
m,banjamin,5,6,11
m,benjerman,5,6,11
m,berklee,5,6,11
m,berny,5,6,11
m,bodhin,5,6,11
m,brox,5,6,11
m,calvyn,5,6,11
m,carion,5,6,11
m,caylor,5,6,11
m,chaitanya,5,6,11
m,chavis,5,6,11
m,chistopher,5,6,11
m,cinsere,5,6,11
m,coehn,5,6,11
m,colbey,5,6,11
m,compton,5,6,11
m,corwyn,5,6,11
m,cypher,5,6,11
m,daimen,5,6,11
m,dalten,5,6,11
m,damont,5,6,11
m,dashun,5,6,11
m,daxxton,5,6,11
m,deane,5,6,11
m,denson,5,6,11
m,dionel,5,6,11
m,donn,5,6,11
m,eddrick,5,6,11
m,edyn,5,6,11
m,eiji,5,6,11
m,eldridge,5,6,11
m,elhadj,5,6,11
m,emerich,5,6,11
m,emyr,5,6,11
m,eyas,5,6,11
m,eylan,5,6,11
m,fender,5,6,11
m,freddrick,5,6,11
m,furious,5,6,11
m,gabrian,5,6,11
m,gadsden,5,6,11
m,gahel,5,6,11
m,garang,5,6,11
m,giankarlo,5,6,11
m,graisen,5,6,11
m,hennessy,5,6,11
m,hiyan,5,6,11
m,imrane,5,6,11
m,isahi,5,6,11
m,izsak,5,6,11
m,jahriel,5,6,11
m,jailon,5,6,11
m,jamarkus,5,6,11
m,jaterrion,5,6,11
m,javontay,5,6,11
m,jaxn,5,6,11
m,jayanth,5,6,11
m,jayr,5,6,11
m,jerold,5,6,11
m,jerrin,5,6,11
m,jersiah,5,6,11
m,jessiel,5,6,11
m,joandy,5,6,11
m,johansel,5,6,11
m,jonovan,5,6,11
m,joseth,5,6,11
m,jream,5,6,11
m,kahli,5,6,11
m,kalino,5,6,11
m,kamaron,5,6,11
m,kaptain,5,6,11
m,kastyn,5,6,11
m,kentrel,5,6,11
m,kenyen,5,6,11
m,keoki,5,6,11
m,kerrigan,5,6,11
m,khairo,5,6,11
m,kham,5,6,11
m,khamren,5,6,11
m,khelan,5,6,11
m,kiedis,5,6,11
m,kieon,5,6,11
m,kiro,5,6,11
m,lason,5,6,11
m,laughlin,5,6,11
m,laveon,5,6,11
m,layn,5,6,11
m,lenyx,5,6,11
m,luna,5,6,11
m,lyrix,5,6,11
m,maor,5,6,11
m,mavin,5,6,11
m,maxym,5,6,11
m,mccormick,5,6,11
m,mccray,5,6,11
m,melih,5,6,11
m,merrit,5,6,11
m,mesiyah,5,6,11
m,meyson,5,6,11
m,nachmen,5,6,11
m,nahiem,5,6,11
m,nakari,5,6,11
m,naomi,5,6,11
m,nashaun,5,6,11
m,nashoba,5,6,11
m,neftaly,5,6,11
m,nemo,5,6,11
m,nikkolai,5,6,11
m,noan,5,6,11
m,ogheneruno,5,6,11
m,peyten,5,6,11
m,pinches,5,6,11
m,pio,5,6,11
m,prabhjot,5,6,11
m,precious,5,6,11
m,radlee,5,6,11
m,raidan,5,6,11
m,raydan,5,6,11
m,raymir,5,6,11
m,rutger,5,6,11
m,ryze,5,6,11
m,sakai,5,6,11
m,salam,5,6,11
m,saliou,5,6,11
m,shahzaib,5,6,11
m,shavar,5,6,11
m,sherif,5,6,11
m,sosa,5,6,11
m,srihith,5,6,11
m,statham,5,6,11
m,stevens,5,6,11
m,taelin,5,6,11
m,taliesin,5,6,11
m,talion,5,6,11
m,taras,5,6,11
m,tavita,5,6,11
m,teofilo,5,6,11
m,tiam,5,6,11
m,timothee,5,6,11
m,travious,5,6,11
m,treson,5,6,11
m,trevaughn,5,6,11
m,treyvin,5,6,11
m,tydarius,5,6,11
m,tylyn,5,6,11
m,tyreik,5,6,11
m,vahan,5,6,11
m,vikranth,5,6,11
m,wahid,5,6,11
m,whitfield,5,6,11
m,xylon,5,6,11
m,yicheng,5,6,11
m,yony,5,6,11
m,yoshi,5,6,11
m,zae,5,6,11
m,zakhai,5,6,11
m,zay,5,6,11
m,ziheng,5,6,11
m,zyah,5,6,11
m,zyrus,5,6,11
f,aaliyahrose,5,5,10
f,aaliyiah,5,5,10
f,aamanee,5,5,10
f,aarilynn,5,5,10
f,aaziyah,5,5,10
f,abriela,5,5,10
f,addileigh,5,5,10
f,adelay,5,5,10
f,adelaya,5,5,10
f,adorable,5,5,10
f,aelyn,5,5,10
f,ahsoka,5,5,10
f,aimen,5,5,10
f,aishini,5,5,10
f,alexx,5,5,10
f,aleyla,5,5,10
f,aloe,5,5,10
f,amarylis,5,5,10
f,amry,5,5,10
f,amyrical,5,5,10
f,anaston,5,5,10
f,anayelli,5,5,10
f,anayia,5,5,10
f,anayra,5,5,10
f,aneta,5,5,10
f,angellica,5,5,10
f,annalice,5,5,10
f,annaliza,5,5,10
f,anneth,5,5,10
f,antonela,5,5,10
f,aquinnah,5,5,10
f,areana,5,5,10
f,areebah,5,5,10
f,areeya,5,5,10
f,ariayah,5,5,10
f,ariday,5,5,10
f,arieya,5,5,10
f,ariyiah,5,5,10
f,arlenis,5,5,10
f,atiyah,5,5,10
f,aubriauna,5,5,10
f,avabella,5,5,10
f,averyonna,5,5,10
f,aviary,5,5,10
f,avin,5,5,10
f,azalaya,5,5,10
f,azani,5,5,10
f,azeriah,5,5,10
f,bailor,5,5,10
f,berta,5,5,10
f,bisma,5,5,10
f,braniya,5,5,10
f,breylynn,5,5,10
f,brieann,5,5,10
f,brittlyn,5,5,10
f,brylyn,5,5,10
f,callieann,5,5,10
f,calyx,5,5,10
f,cam,5,5,10
f,cameo,5,5,10
f,caselynn,5,5,10
f,cassiana,5,5,10
f,ceceilia,5,5,10
f,ceili,5,5,10
f,celaya,5,5,10
f,charlet,5,5,10
f,chenelle,5,5,10
f,cielle,5,5,10
f,claiborne,5,5,10
f,clarajane,5,5,10
f,clodagh,5,5,10
f,corinthia,5,5,10
f,cynia,5,5,10
f,cyniyah,5,5,10
f,dailani,5,5,10
f,dailin,5,5,10
f,danicka,5,5,10
f,darilyn,5,5,10
f,davonna,5,5,10
f,dayle,5,5,10
f,dela,5,5,10
f,deloris,5,5,10
f,demira,5,5,10
f,demyah,5,5,10
f,denaya,5,5,10
f,denylah,5,5,10
f,desiah,5,5,10
f,desta,5,5,10
f,dezaray,5,5,10
f,doria,5,5,10
f,dorie,5,5,10
f,dylaney,5,5,10
f,elilta,5,5,10
f,elisiana,5,5,10
f,elizabethrose,5,5,10
f,elizebeth,5,5,10
f,emalin,5,5,10
f,emanii,5,5,10
f,emyrson,5,5,10
f,enisa,5,5,10
f,enzley,5,5,10
f,eric,5,5,10
f,evgenia,5,5,10
f,evon,5,5,10
f,fabiha,5,5,10
f,fayrouz,5,5,10
f,fina,5,5,10
f,fotini,5,5,10
f,garner,5,5,10
f,gavin,5,5,10
f,genysis,5,5,10
f,habon,5,5,10
f,hadden,5,5,10
f,havanah,5,5,10
f,hayleen,5,5,10
f,heartlyn,5,5,10
f,hifza,5,5,10
f,hinako,5,5,10
f,hollyann,5,5,10
f,huai,5,5,10
f,idalis,5,5,10
f,ijeoma,5,5,10
f,ikhlaas,5,5,10
f,iliya,5,5,10
f,ilynn,5,5,10
f,iqlas,5,5,10
f,irah,5,5,10
f,jady,5,5,10
f,jakylee,5,5,10
f,jalayiah,5,5,10
f,jalin,5,5,10
f,jamaiya,5,5,10
f,jaria,5,5,10
f,jarielis,5,5,10
f,jaylyne,5,5,10
f,jazzlene,5,5,10
f,jedidiah,5,5,10
f,jenelly,5,5,10
f,jeniveve,5,5,10
f,jermiah,5,5,10
f,jernei,5,5,10
f,jessly,5,5,10
f,jevaeh,5,5,10
f,joellie,5,5,10
f,joliene,5,5,10
f,joplyn,5,5,10
f,judie,5,5,10
f,justyne,5,5,10
f,kahmila,5,5,10
f,kaizleigh,5,5,10
f,kameria,5,5,10
f,kamorra,5,5,10
f,kariya,5,5,10
f,karlena,5,5,10
f,kataliyah,5,5,10
f,katielynn,5,5,10
f,keiasia,5,5,10
f,kemonie,5,5,10
f,kenasia,5,5,10
f,khamil,5,5,10
f,kimyah,5,5,10
f,kinlie,5,5,10
f,kinly,5,5,10
f,kinzli,5,5,10
f,kiowa,5,5,10
f,kopelyn,5,5,10
f,korilynn,5,5,10
f,korrin,5,5,10
f,lamyiah,5,5,10
f,lashea,5,5,10
f,latonya,5,5,10
f,leamarie,5,5,10
f,leamsi,5,5,10
f,leelyn,5,5,10
f,lehua,5,5,10
f,leonella,5,5,10
f,leveah,5,5,10
f,liezel,5,5,10
f,lilas,5,5,10
f,lilliemae,5,5,10
f,lovisa,5,5,10
f,loyaltee,5,5,10
f,lulani,5,5,10
f,luziana,5,5,10
f,madielyn,5,5,10
f,madrid,5,5,10
f,maesie,5,5,10
f,magdeline,5,5,10
f,mairely,5,5,10
f,maisee,5,5,10
f,maizley,5,5,10
f,makelle,5,5,10
f,malila,5,5,10
f,maly,5,5,10
f,mandalyn,5,5,10
f,martavia,5,5,10
f,maryel,5,5,10
f,mehjabeen,5,5,10
f,meria,5,5,10
f,merilyn,5,5,10
f,michella,5,5,10
f,mieko,5,5,10
f,mikaelyn,5,5,10
f,muska,5,5,10
f,myna,5,5,10
f,nakaiya,5,5,10
f,namirah,5,5,10
f,narely,5,5,10
f,nashira,5,5,10
f,nation,5,5,10
f,navira,5,5,10
f,neelah,5,5,10
f,neemah,5,5,10
f,neliah,5,5,10
f,nelya,5,5,10
f,nicha,5,5,10
f,nicholette,5,5,10
f,nieves,5,5,10
f,nino,5,5,10
f,nneka,5,5,10
f,noralynn,5,5,10
f,oliviya,5,5,10
f,oluwadara,5,5,10
f,oluwadunmininu,5,5,10
f,oluwaseun,5,5,10
f,palin,5,5,10
f,praylee,5,5,10
f,prescott,5,5,10
f,prisma,5,5,10
f,quinnleigh,5,5,10
f,raegin,5,5,10
f,raeli,5,5,10
f,reality,5,5,10
f,reanne,5,5,10
f,reizy,5,5,10
f,reyanna,5,5,10
f,rinna,5,5,10
f,riplee,5,5,10
f,rithvika,5,5,10
f,roda,5,5,10
f,romaisa,5,5,10
f,ronika,5,5,10
f,rosslynn,5,5,10
f,rozella,5,5,10
f,ryia,5,5,10
f,saamiya,5,5,10
f,sadeem,5,5,10
f,saelah,5,5,10
f,sahib,5,5,10
f,sakeenah,5,5,10
f,samanda,5,5,10
f,samay,5,5,10
f,san,5,5,10
f,saniyyah,5,5,10
f,santiana,5,5,10
f,sareya,5,5,10
f,saumya,5,5,10
f,selima,5,5,10
f,seniya,5,5,10
f,seynabou,5,5,10
f,shayanna,5,5,10
f,shelsey,5,5,10
f,shianna,5,5,10
f,skilyn,5,5,10
f,skylei,5,5,10
f,sonaya,5,5,10
f,soniah,5,5,10
f,sophonie,5,5,10
f,sravya,5,5,10
f,sreenidhi,5,5,10
f,stoney,5,5,10
f,sudiksha,5,5,10
f,sueann,5,5,10
f,suetta,5,5,10
f,sumedha,5,5,10
f,talianna,5,5,10
f,tallyn,5,5,10
f,tauri,5,5,10
f,teagann,5,5,10
f,teela,5,5,10
f,tiernan,5,5,10
f,timothy,5,5,10
f,trillium,5,5,10
f,trinley,5,5,10
f,troian,5,5,10
f,tye,5,5,10
f,vaiga,5,5,10
f,vaishvi,5,5,10
f,vanisha,5,5,10
f,viviani,5,5,10
f,waylyn,5,5,10
f,wilmary,5,5,10
f,xaela,5,5,10
f,xaelah,5,5,10
f,yaheli,5,5,10
f,yalaina,5,5,10
f,yanelie,5,5,10
f,yarelin,5,5,10
f,yazbeth,5,5,10
f,yinuo,5,5,10
f,zafiro,5,5,10
f,zahniya,5,5,10
f,zahriyah,5,5,10
f,zaide,5,5,10
f,zamoni,5,5,10
f,zayleah,5,5,10
f,zela,5,5,10
f,zelene,5,5,10
f,zennia,5,5,10
f,zikra,5,5,10
f,ziniyah,5,5,10
f,zirah,5,5,10
f,zizi,5,5,10
f,zohara,5,5,10
f,zuriya,5,5,10
m,aavash,5,5,10
m,abba,5,5,10
m,abdirashid,5,5,10
m,abhyuday,5,5,10
m,achyuth,5,5,10
m,adar,5,5,10
m,adhvaith,5,5,10
m,ajmal,5,5,10
m,akachukwu,5,5,10
m,akilan,5,5,10
m,algernon,5,5,10
m,alo,5,5,10
m,amedeo,5,5,10
m,amery,5,5,10
m,ammanuel,5,5,10
m,amorian,5,5,10
m,anees,5,5,10
m,arael,5,5,10
m,arlando,5,5,10
m,armarion,5,5,10
m,armor,5,5,10
m,aseda,5,5,10
m,astraeus,5,5,10
m,audin,5,5,10
m,auri,5,5,10
m,awad,5,5,10
m,basem,5,5,10
m,beckum,5,5,10
m,berk,5,5,10
m,bosten,5,5,10
m,brayven,5,5,10
m,brextin,5,5,10
m,brodin,5,5,10
m,brolin,5,5,10
m,bukhari,5,5,10
m,cailen,5,5,10
m,calahan,5,5,10
m,caldwell,5,5,10
m,camar,5,5,10
m,cartez,5,5,10
m,carvell,5,5,10
m,cathan,5,5,10
m,chidiebube,5,5,10
m,cin,5,5,10
m,coalton,5,5,10
m,colburn,5,5,10
m,coreon,5,5,10
m,daeson,5,5,10
m,daine,5,5,10
m,damori,5,5,10
m,dannon,5,5,10
m,daviyon,5,5,10
m,deason,5,5,10
m,demetrick,5,5,10
m,denari,5,5,10
m,devarsh,5,5,10
m,deyren,5,5,10
m,dheeraj,5,5,10
m,domnick,5,5,10
m,doniel,5,5,10
m,donyae,5,5,10
m,drace,5,5,10
m,dreyton,5,5,10
m,dyan,5,5,10
m,elijaah,5,5,10
m,emrah,5,5,10
m,england,5,5,10
m,erfan,5,5,10
m,ero,5,5,10
m,eyasu,5,5,10
m,ezaiah,5,5,10
m,falon,5,5,10
m,fardin,5,5,10
m,fennec,5,5,10
m,fraser,5,5,10
m,fynnigan,5,5,10
m,galaxy,5,5,10
m,glynn,5,5,10
m,greyton,5,5,10
m,gurkirat,5,5,10
m,hezron,5,5,10
m,hixon,5,5,10
m,hopper,5,5,10
m,hossam,5,5,10
m,ioane,5,5,10
m,ireland,5,5,10
m,isileli,5,5,10
m,itiel,5,5,10
m,ives,5,5,10
m,izai,5,5,10
m,izell,5,5,10
m,izyaan,5,5,10
m,jabdiel,5,5,10
m,jaeshawn,5,5,10
m,jainil,5,5,10
m,jakarion,5,5,10
m,jama,5,5,10
m,jasser,5,5,10
m,jatin,5,5,10
m,javanni,5,5,10
m,jayco,5,5,10
m,jaysten,5,5,10
m,jeran,5,5,10
m,jeryn,5,5,10
m,jihan,5,5,10
m,johngabriel,5,5,10
m,johnjoseph,5,5,10
m,joshawn,5,5,10
m,jozyah,5,5,10
m,junayd,5,5,10
m,justine,5,5,10
m,kailin,5,5,10
m,kaseton,5,5,10
m,kaysn,5,5,10
m,keair,5,5,10
m,keigo,5,5,10
m,kenard,5,5,10
m,kender,5,5,10
m,kennett,5,5,10
m,keyson,5,5,10
m,kingg,5,5,10
m,kinzer,5,5,10
m,kiyoshi,5,5,10
m,klint,5,5,10
m,kmarion,5,5,10
m,knixon,5,5,10
m,kobyn,5,5,10
m,kostas,5,5,10
m,kylie,5,5,10
m,kymier,5,5,10
m,ladarion,5,5,10
m,lanier,5,5,10
m,larken,5,5,10
m,lawaia,5,5,10
m,lennie,5,5,10
m,liav,5,5,10
m,logic,5,5,10
m,loucas,5,5,10
m,maanav,5,5,10
m,makaius,5,5,10
m,makaveli,5,5,10
m,malaky,5,5,10
m,marios,5,5,10
m,markeese,5,5,10
m,marvion,5,5,10
m,masaki,5,5,10
m,maseo,5,5,10
m,maston,5,5,10
m,matthis,5,5,10
m,mayceon,5,5,10
m,mclane,5,5,10
m,mekael,5,5,10
m,melchor,5,5,10
m,mithun,5,5,10
m,modou,5,5,10
m,moziah,5,5,10
m,musashi,5,5,10
m,naethan,5,5,10
m,naftuly,5,5,10
m,neeson,5,5,10
m,neimar,5,5,10
m,nezar,5,5,10
m,nikoloz,5,5,10
m,nore,5,5,10
m,nyel,5,5,10
m,oleksiy,5,5,10
m,olman,5,5,10
m,oluwapelumi,5,5,10
m,ora,5,5,10
m,pier,5,5,10
m,pol,5,5,10
m,praxton,5,5,10
m,pruitt,5,5,10
m,quince,5,5,10
m,quincee,5,5,10
m,rainan,5,5,10
m,rainn,5,5,10
m,rameer,5,5,10
m,ramere,5,5,10
m,rayshun,5,5,10
m,rexx,5,5,10
m,rhyson,5,5,10
m,ridger,5,5,10
m,rithwik,5,5,10
m,rito,5,5,10
m,roanan,5,5,10
m,roby,5,5,10
m,romaan,5,5,10
m,romain,5,5,10
m,romar,5,5,10
m,romon,5,5,10
m,royse,5,5,10
m,ruzgar,5,5,10
m,ryota,5,5,10
m,sakariye,5,5,10
m,salinger,5,5,10
m,severyn,5,5,10
m,shamarion,5,5,10
m,sharrod,5,5,10
m,shlomy,5,5,10
m,shriram,5,5,10
m,sircharles,5,5,10
m,srinivas,5,5,10
m,star,5,5,10
m,sujay,5,5,10
m,tajai,5,5,10
m,taner,5,5,10
m,teagyn,5,5,10
m,temple,5,5,10
m,treasure,5,5,10
m,trindon,5,5,10
m,tryson,5,5,10
m,tywin,5,5,10
m,vanden,5,5,10
m,vegeta,5,5,10
m,vincen,5,5,10
m,weber,5,5,10
m,xaine,5,5,10
m,yaciel,5,5,10
m,yamajesty,5,5,10
m,yiddy,5,5,10
m,yusuke,5,5,10
m,ywa,5,5,10
m,zahair,5,5,10
m,zekariah,5,5,10
m,zihao,5,5,10
m,zoel,5,5,10
m,zolton,5,5,10
